#CTMC
40
-209614 1528 6132 6839 5693 9642 1538 6765 6649 2315 4710 2134 3905 9532 4706 7964 5751 2446 3056 6183 2502 7841 6801 5676 2193 1551 4883 4412 3698 5191 8144 5291 7078 7107 8611 6565 6868 7376 5841 4497
7585 -223790 1403 9926 8048 7876 9614 9444 3456 8719 7819 6490 7709 8766 6981 1083 2037 8111 6301 6907 6111 1892 7576 2477 7144 2156 5146 2573 2851 4371 1007 5538 6547 3667 7154 9584 4459 4521 6199 4542
5426 5499 -220006 2999 7661 3561 2576 9134 8511 7122 5608 6025 2366 5125 5584 3808 9420 1912 8888 7002 1957 5012 3799 8683 9047 8822 6542 3054 2665 4392 3005 4338 8852 7670 9406 4682 4204 3242 8571 3836
9666 1166 5824 -219528 5821 9962 8169 1733 4884 3548 5670 1202 2891 3668 6233 6383 6152 2598 1496 8227 7308 7493 4812 7097 3479 9737 8605 5324 8202 5003 9014 2713 3686 3414 5978 8204 1876 9336 8396 4558
8223 3990 2031 3536 -189496 7987 4259 6744 1426 4812 8426 7984 7559 6238 9183 6780 2247 1799 1204 1988 9331 8386 4395 3349 1835 8478 4295 2147 8915 5358 2471 2885 3309 4419 5061 6278 1997 1907 5208 3056
9729 6297 7197 9285 6497 -237463 8534 6876 6192 7246 9532 7508 6852 8887 2614 3311 2184 7469 9325 4455 7511 3205 3573 2463 5506 5698 9655 6422 1718 8583 4720 7800 3916 5569 5159 2314 4753 6434 6711 5763
1513 9189 4663 8911 6970 4906 -214657 6584 3115 5193 6010 5629 6925 3186 9898 9517 1578 4680 6401 9123 5866 6700 8701 3598 5417 5277 3573 4346 8918 2251 7755 1679 5516 9831 6105 1530 3952 1369 6427 1855
8533 8483 8311 3226 3582 6709 2664 -212461 4653 5519 5706 4543 4933 7201 3499 2727 6087 1563 1701 4180 9260 8343 3651 7740 8458 4610 5245 6917 4405 6355 2923 5836 5933 2436 3787 8968 6025 4343 5084 8322
7581 8330 9771 7646 4705 9417 8454 7934 -231083 6973 5797 5101 5163 8971 1693 5125 6366 6239 7308 9268 8662 8484 6505 1173 1539 6523 4506 1790 4571 9808 2353 3593 6392 5175 9783 8346 1674 3365 1915 3084
8204 6757 3776 3896 3912 2538 6211 3034 3780 -217360 2297 7134 2914 4278 6379 8089 9018 5449 6114 5042 6620 9875 9697 2015 7645 5740 1519 3588 7996 1166 6015 9558 1729 6763 1626 5527 5372 6762 9583 9742
5478 5347 8729 5319 1041 3988 9546 8617 4884 4200 -202624 7829 1542 7429 5234 7156 4741 8568 3450 2959 3456 1280 1299 1700 9602 3347 8796 1818 7044 5404 6191 1692 2720 9958 1435 4991 6264 1227 8978 9365
1102 5349 5458 8267 4832 8770 6103 2067 8924 7179 7560 -215006 4059 6513 2878 1457 8475 7410 2661 1317 2386 6441 3391 9462 6877 9834 8173 2465 8242 2446 9583 2143 8176 4571 7925 4132 1169 7061 4811 5337
6371 3303 9345 8359 1973 8873 3453 1107 8351 3298 6432 9435 -236566 8300 5267 8134 4270 8329 7762 9874 6030 8302 9143 9450 4224 3095 6300 1347 2126 3227 5394 8849 8064 2675 7984 5976 5735 8150 5489 2770
3433 2090 2467 6339 1025 5472 2879 2285 8274 1599 4082 5188 6606 -202303 2224 2557 5449 7855 9292 9731 5206 4531 7545 7366 8309 1274 8949 2620 9997 7445 4095 9018 7215 3232 2882 1792 6046 4076 6877 4981
2354 6932 3048 4410 9692 1759 9608 2026 8104 9494 4373 5348 8772 5292 -219902 5979 8754 4882 9909 1502 3910 6792 4584 4657 1804 8220 2650 5095 1369 6570 5898 8085 1505 8300 8953 3897 7250 4396 5998 7731
2161 2175 3603 7340 3009 7323 8808 2635 4561 5772 4757 6288 3410 6995 4135 -212266 9068 8283 9181 8433 5534 2745 8880 6557 5879 9555 4418 3320 1716 4488 4341 1852 7168 8585 9132 4775 2540 5561 2692 4591
9428 7342 2285 4172 9346 3876 7208 2196 4070 9932 5938 4092 8035 6861 9328 8895 -199509 7481 2768 4214 3657 3828 3761 2027 1846 3501 4060 1640 4687 1435 4407 7339 5459 2010 3284 8812 2004 5070 8347 4868
3719 3002 1027 5169 5590 7679 6034 7621 4390 5305 1911 2507 3017 5414 3273 7978 8753 -204796 6773 6777 7488 5696 3186 7726 9334 2146 7081 3880 2355 5139 5116 6707 8282 3626 8396 1359 8603 7885 2716 2136
9446 8247 3480 4890 6737 7001 9231 1749 6026 6574 3071 3969 2476 6722 7638 5956 4420 6652 -193335 9730 1796 2707 5522 2966 4392 8398 4809 3977 2507 3581 1380 2961 7882 2273 2541 2757 1633 3095 6436 7707
9941 8664 1054 2954 2456 4331 2853 3842 6716 4122 6730 2867 9352 9322 4856 1530 7547 5315 8611 -205508 9391 1534 6616 1946 9655 1394 2726 7740 3716 3987 2855 5090 5270 8368 4757 7309 4013 5057 9025 1996
7674 3779 4381 9067 9757 5904 6704 5027 5695 9808 9061 8428 2742 6170 9782 8559 5559 9879 6205 1613 -215642 9676 1629 7663 3713 2198 8231 1311 2058 4766 8216 4216 2245 3205 3316 3534 7111 2193 1199 3368
3870 3638 1632 6639 8187 7234 6668 1046 8457 1965 3558 6471 5979 8005 1777 9708 8728 1755 2870 7371 4695 -224105 9810 7899 2579 6925 6162 1549 5861 4546 5185 8949 9018 4523 9382 9882 2711 5682 9747 3442
5822 6833 4871 7158 8789 5848 2258 4844 4188 1864 6584 1590 7817 2583 6755 2447 7019 7059 6455 5547 1708 3295 -215668 9918 6973 8556 6068 9221 6428 5804 8049 3491 2606 6087 6771 4435 2589 7360 6510 3468
6461 6236 5257 3947 1719 6495 4989 5136 2046 3645 9271 7101 7021 8299 7480 5372 3406 4736 7652 6615 6195 4471 7061 -219728 6232 4858 7039 8318 9646 1822 6546 7893 4729 4578 2610 2245 1920 7304 5180 8197
1872 9447 6139 2814 6043 7160 9015 1928 6727 3893 2811 9096 8265 9693 3956 8856 5316 1645 2616 1497 3704 2011 7625 1837 -205322 2005 8480 2889 7230 6916 2904 6932 5511 8225 2474 7550 3783 1181 9561 5715
3699 1049 9939 1309 8129 6021 1247 8737 9945 7013 2158 7364 2218 9859 8647 4651 1534 5455 1615 3122 4219 1125 3095 7692 8500 -194975 5449 7260 9162 5608 6707 4633 3676 2958 3242 3676 3866 2693 6637 1066
8967 7923 5338 2128 1767 7463 2114 6967 1049 8956 9982 8062 2540 2275 4389 8071 2708 7356 3571 4602 3063 6192 6786 9809 1089 9481 -239214 9903 7738 8595 6188 9294 8228 4797 7754 7155 5111 7566 6813 7424
8925 6103 5920 6342 9510 4969 2133 5351 3558 1364 4801 2268 6135 1675 8819 7292 9615 4739 4649 9424 8363 1485 6343 7288 2987 4379 4622 -221971 5565 8935 8064 1959 2325 9773 4226 6927 7482 6311 5801 5544
5494 1866 8759 6539 9750 1683 8638 6832 7104 7632 4603 5787 1907 3498 3360 4943 1888 8193 3971 2324 4689 4163 6111 7558 5573 4144 1209 4679 -217893 9728 8006 3142 4075 8387 5862 7630 8482 4889 8036 6759
9271 1498 1299 3436 8231 4740 1454 7292 3832 4808 7764 6999 5010 9829 2547 8460 5864 2831 4640 7031 3464 2795 7205 8277 6168 4717 1739 6213 1171 -203981 3432 7239 8202 1620 2945 7072 7483 6205 8226 2972
1056 4138 7196 3474 7204 6057 1640 7158 4381 6140 3307 2868 7906 2427 7311 3304 5815 5426 6442 5839 1903 2715 1144 3971 8768 1001 1795 4266 3583 4578 -181470 6102 7434 4459 2891 6615 3027 7491 1565 9073
5014 8272 3214 7833 8088 3741 9180 3782 3256 6941 4722 1074 8102 7890 6203 6583 5590 6704 7974 7910 2462 2765 2543 6496 6092 3095 8468 3458 5308 7155 8029 -212663 1963 3687 2855 4951 4534 4251 3104 9374
1035 4709 4602 2250 7526 4775 1314 3565 7196 9661 9566 2548 4257 3748 1278 2127 9864 8705 9252 7647 3482 8208 5337 3967 8719 4657 4587 4188 9793 6679 1400 3030 -211020 6126 3961 7103 6484 2147 8827 6700
6399 5401 3390 2972 3141 8816 5342 2407 8272 4077 3560 1345 7859 3659 9277 6398 3921 4171 8708 9462 8101 6795 7042 3752 2093 9494 1224 3602 5637 7731 2421 6651 2160 -206279 9750 9027 1864 1772 6016 2570
8171 2287 8755 4338 8662 1649 1786 4559 9035 7307 5066 4768 9829 8684 6505 4410 5904 7977 8932 5556 6495 3319 7195 8649 8952 7532 9607 4819 5778 9376 2139 2881 4556 8906 -240655 4069 9564 2155 3004 7479
5730 8055 2408 2120 1833 6944 1813 6875 3937 8396 5419 5826 3430 7401 9777 9770 9381 9858 5403 8454 5237 3529 6567 6151 4675 9911 3315 5405 4723 4367 1997 3830 2589 6018 8224 -228175 9517 7597 6919 4774
1570 8888 3433 5657 5288 2136 5201 9600 4370 8571 4543 6951 2685 2708 9126 6169 5853 2297 8912 2348 7682 5202 8301 7955 7304 2959 7987 9554 6967 3959 8078 8099 9234 8842 9430 6497 -241130 9601 1304 5869
2097 6504 9372 7907 9996 1350 2890 9662 1747 5197 7150 9791 4080 5397 3170 9268 3127 4899 3444 5823 3977 2842 2109 7580 6177 8172 9556 2105 2431 2416 1603 9425 5365 8090 2906 5870 6105 -209381 2876 6905
8254 5972 5487 7484 3989 4732 8705 6280 3145 3384 1798 9517 2267 4784 2421 3500 8412 7477 8538 3174 5734 1982 4394 2441 9288 1091 6650 8771 6201 8468 3841 5817 4013 1424 6169 4712 8799 2704 -206757 4938
1715 9457 9858 5832 3386 2777 4481 2446 9090 3180 1612 8656 2044 7016 5080 1895 7683 6290 5839 4858 5021 1805 8999 7088 1619 2566 2405 5174 9610 7829 1586 5115 3543 3401 3898 6485 8718 6307 1159 -195523

#DTMC
#0,130701281 0,006336831 0,025430266 0,028362294 0,023609671 0,039986729 0,006378302 0,028055406 0,027574337 0,00960063 0,019533032 0,008849998 0,016194584 0,039530544 0,019516443 0,033027827 0,023850205 0,010143906 0,012673662 0,02564177 0,010376146 0,032517729 0,028204703 0,02353917 0,009094679 0,006432215 0,020250487 0,018297184 0,015336126 0,021527807 0,033774313 0,021942521 0,029353461 0,029473728 0,035711027 0,027225978 0,028482561 0,030589309 0,024223448 0,018649691
#0,031456061 0,071911417 0,005818438 0,041164517 0,033376187 0,032662879 0,039870609 0,039165595 0,014332518 0,036158918 0,032426492 0,026914942 0,031970306 0,036353834 0,028951188 0,004491353 0,008447725 0,033637457 0,026131133 0,0286443 0,025343176 0,00784639 0,031418737 0,010272467 0,029627172 0,008941235 0,021341185 0,010670593 0,011823498 0,018127151 0,004176171 0,022966864 0,027151329 0,015207564 0,029668643 0,039746195 0,0184921 0,018749222 0,025708124 0,018836312
#0,022502385 0,022805126 0,087604197 0,012437274 0,031771244 0,014767967 0,010683034 0,037879982 0,035296313 0,029535935 0,023257164 0,024986522 0,009812135 0,021254095 0,023157633 0,015792311 0,039066064 0,007929333 0,036859785 0,029038278 0,008115954 0,020785468 0,015754987 0,036009621 0,037519181 0,036586074 0,027130593 0,012665367 0,01105213 0,018214241 0,012462157 0,017990296 0,036710488 0,031808568 0,039008004 0,019416912 0,017434579 0,01344503 0,035545142 0,015908431
#0,040086261 0,004835566 0,024152947 0,08958653 0,024140505 0,041313814 0,033877991 0,007186995 0,020254634 0,014714055 0,023514287 0,004984863 0,011989383 0,015211712 0,025849127 0,026471198 0,025513209 0,010774271 0,006204122 0,034118525 0,030307303 0,031074524 0,01995604 0,029432256 0,014427902 0,040380708 0,035686144 0,022079376 0,034014847 0,020748144 0,037382325 0,011251192 0,01528636 0,014158338 0,024791606 0,034023141 0,007780036 0,038717704 0,034819392 0,018902667
#0,034101937 0,016547091 0,008422842 0,014664289 0,214133455 0,033123212 0,017662672 0,027968316 0,005913822 0,01995604 0,034943806 0,03311077 0,031348235 0,025869863 0,038083192 0,028117613 0,009318625 0,007460706 0,004993157 0,008244515 0,038696968 0,034777921 0,018226683 0,013888774 0,007610003 0,035159458 0,017811969 0,008903911 0,036971758 0,022220379 0,010247584 0,0119645 0,013722888 0,018326214 0,020988678 0,026035748 0,00828184 0,007908597 0,021598308 0,012673662
#0,04034753 0,026114544 0,029846971 0,0385062 0,026943972 0,015207564 0,035391697 0,028515738 0,025679094 0,03005018 0,039530544 0,031136731 0,028416207 0,036855638 0,010840625 0,013731182 0,009057355 0,030974993 0,038672086 0,018475511 0,031149173 0,013291585 0,014817733 0,010214407 0,022834156 0,023630407 0,040040642 0,026632937 0,007124787 0,035594907 0,019574503 0,032347696 0,016240202 0,023095426 0,021395098 0,009596483 0,019711359 0,026682702 0,02783146 0,023899971
#0,006274624 0,038108074 0,019338116 0,036955169 0,02890557 0,020345872 0,109787252 0,027304773 0,012918343 0,021536101 0,024924315 0,023344254 0,028718948 0,01321279 0,041048397 0,039468337 0,006544188 0,019408618 0,026545847 0,037834363 0,024327126 0,027785842 0,03608427 0,014921412 0,02246506 0,021884461 0,014817733 0,018023473 0,036984199 0,009335213 0,032161075 0,006963049 0,022875627 0,040770539 0,025318293 0,006345125 0,016389499 0,005677435 0,026653672 0,007692946
#0,03538755 0,035180193 0,034466885 0,013378675 0,014855057 0,027823166 0,011047982 0,118894372 0,019296645 0,022888069 0,023663584 0,01884046 0,020457844 0,029863559 0,014510845 0,011309252 0,025243645 0,006481981 0,007054286 0,017335047 0,038402521 0,034599594 0,01514121 0,032098868 0,035076515 0,019118318 0,021751752 0,028685771 0,018268154 0,026355078 0,012122092 0,024202712 0,024604985 0,010102434 0,015705221 0,037191556 0,024986522 0,018011031 0,021084063 0,034512504
#0,031439472 0,034545681 0,04052171 0,031709037 0,019512296 0,039053623 0,035059926 0,032903413 0,041666321 0,028918011 0,024040974 0,021154564 0,021411687 0,037203998 0,007021109 0,021254095 0,026400697 0,02587401 0,030307303 0,038435699 0,035922531 0,03518434 0,026977149 0,004864596 0,006382449 0,027051798 0,018687015 0,007423382 0,018956579 0,040675154 0,009758222 0,014900676 0,026508522 0,021461452 0,040571476 0,034612035 0,006942313 0,013955128 0,007941774 0,012789781
#0,034023141 0,028022229 0,015659603 0,01615726 0,016223614 0,010525443 0,02575789 0,012582424 0,015676191 0,098577531 0,009525982 0,029585701 0,012084768 0,017741467 0,02645461 0,03354622 0,037398913 0,022597769 0,025355617 0,020909883 0,02745407 0,040953013 0,040214822 0,008356488 0,031704889 0,023804587 0,006299506 0,01487994 0,033160536 0,004835566 0,02494505 0,039638369 0,007170406 0,028047112 0,006743251 0,022921246 0,022278439 0,028042964 0,039742048 0,040401443
#0,022718036 0,022174761 0,03620039 0,022058641 0,004317173 0,016538796 0,039588604 0,03573591 0,020254634 0,01741799 0,159689794 0,032467963 0,006394891 0,030809107 0,021706134 0,029676938 0,019661593 0,0355327 0,014307635 0,012271389 0,014332518 0,00530834 0,005387136 0,007050139 0,039820844 0,013880479 0,036478248 0,007539502 0,029212458 0,022411148 0,025674947 0,007016962 0,011280222 0,041297226 0,005951147 0,020698378 0,025977688 0,005088541 0,037233028 0,038837971
#0,004570149 0,022183055 0,022635093 0,034284411 0,020038983 0,036370423 0,025309999 0,00857214 0,037009082 0,029772322 0,031352383 0,1083399 0,016833243 0,027010326 0,01193547 0,006042384 0,035147016 0,030730311 0,011035541 0,005461784 0,009895077 0,026711732 0,014062954 0,039240244 0,028519886 0,04078298 0,03389458 0,010222701 0,034180732 0,010143906 0,039742048 0,008887322 0,033907021 0,018956579 0,032866089 0,017135985 0,004848007 0,029282959 0,019951893 0,022133289
#0,026421432 0,013698005 0,038755028 0,034665948 0,008182308 0,036797578 0,014320076 0,004590885 0,034632771 0,01367727 0,026674408 0,039128271 0,018927549 0,034421267 0,021842989 0,033732841 0,01770829 0,034541534 0,032190105 0,040948866 0,025007257 0,034429561 0,037917306 0,039190478 0,017517522 0,0128354 0,026126985 0,005586198 0,008816821 0,013382823 0,022369676 0,036698047 0,033442541 0,011093601 0,03311077 0,024783312 0,023783851 0,033799195 0,022763654 0,011487579
#0,014237133 0,008667524 0,010230996 0,026288724 0,004250819 0,022693153 0,011939618 0,009476216 0,034313441 0,006631278 0,016928628 0,021515365 0,02739601 0,161021026 0,009223241 0,010604238 0,022597769 0,032575789 0,03853523 0,040355825 0,021590014 0,018790694 0,031290175 0,030547837 0,034458591 0,005283457 0,037112761 0,010865508 0,041458964 0,030875461 0,016982541 0,037398913 0,029921619 0,013403558 0,011952059 0,007431676 0,025073612 0,016903745 0,028519886 0,020656907
#0,009762369 0,028747978 0,012640484 0,01828889 0,040194086 0,00729482 0,039845726 0,008402107 0,033608427 0,039372952 0,018135446 0,022178908 0,036378717 0,021946668 0,0880355 0,024795753 0,036304068 0,02024634 0,041094016 0,006229005 0,01621532 0,028167379 0,019010492 0,019313234 0,007481442 0,034089495 0,010989922 0,021129681 0,005677435 0,027246713 0,024459835 0,033529631 0,006241447 0,034421267 0,037129349 0,016161407 0,030066769 0,01823083 0,024874549 0,032061544
#0,008961971 0,009020031 0,014942147 0,030440012 0,012478746 0,03036951 0,036528014 0,010927715 0,018915108 0,023937295 0,019727948 0,02607722 0,014141749 0,029009248 0,017148426 0,119703065 0,03760627 0,034350765 0,038074897 0,034972836 0,022950276 0,011383901 0,036826608 0,027192801 0,024381039 0,039625928 0,018322067 0,013768507 0,007116493 0,018612367 0,018002737 0,007680504 0,029726703 0,035603202 0,037871687 0,019802596 0,010533737 0,023062249 0,011164102 0,019039522
#0,039099241 0,030448306 0,009476216 0,01730187 0,038759176 0,016074317 0,029892589 0,009107121 0,016878862 0,0411894 0,024625721 0,016970099 0,033322274 0,028453531 0,038684527 0,036888815 0,172608137 0,031024758 0,011479285 0,01747605 0,015166093 0,015875254 0,015597396 0,008406254 0,007655621 0,014519139 0,016837391 0,00680131 0,019437648 0,005951147 0,018276448 0,030435864 0,02263924 0,008335752 0,01361921 0,036544602 0,00831087 0,021026003 0,034616182 0,02018828
#0,015423216 0,012449716 0,004259113 0,021436569 0,023182516 0,031845892 0,025023846 0,031605358 0,018205947 0,022000581 0,007925186 0,010396881 0,012511923 0,022452619 0,013573591 0,033085887 0,036299921 0,150682205 0,028088583 0,028105171 0,031053788 0,023622113 0,01321279 0,032040808 0,03870941 0,008899764 0,029365902 0,016090905 0,009766516 0,021312155 0,021216771 0,027814872 0,034346618 0,015037532 0,034819392 0,005635964 0,03567785 0,032700203 0,011263634 0,008858292
#0,03917389 0,034201468 0,014432049 0,020279517 0,027939286 0,029034131 0,038282254 0,007253349 0,024990669 0,027263302 0,012735869 0,016460001 0,01026832 0,027877079 0,031675859 0,024700369 0,018330361 0,027586779 0,198212582 0,040351678 0,007448264 0,011226309 0,02290051 0,012300419 0,018214241 0,034827686 0,019943599 0,016493178 0,010396881 0,01485091 0,005723054 0,012279683 0,032687762 0,00942645 0,010537884 0,011433666 0,006772281 0,0128354 0,026690997 0,031962012
#0,041226724 0,035930826 0,004371086 0,012250653 0,010185377 0,017961266 0,011831792 0,015933314 0,027852196 0,017094513 0,027910256 0,011889852 0,038784058 0,038659644 0,020138514 0,006345125 0,03129847 0,022042052 0,035711027 0,147729441 0,038945797 0,006361714 0,027437482 0,008070336 0,040040642 0,005781114 0,011305105 0,032098868 0,015410774 0,016534649 0,011840086 0,021108945 0,021855431 0,034703272 0,019727948 0,03031145 0,016642475 0,02097209 0,037427943 0,008277693
#0,031825157 0,015672044 0,018168623 0,037602123 0,04046365 0,024484718 0,02780243 0,020847676 0,023617965 0,040675154 0,03757724 0,034952101 0,011371459 0,025587857 0,040567329 0,035495376 0,023053954 0,040969601 0,025733007 0,006689338 0,105702318 0,040127732 0,006755692 0,031779538 0,015398333 0,009115415 0,034135114 0,005436901 0,008534815 0,019765272 0,034072907 0,017484345 0,009310331 0,013291585 0,013751918 0,014655995 0,029490316 0,009094679 0,004972422 0,013967569
#0,016049434 0,015087297 0,006768133 0,027532866 0,03395264 0,030000415 0,027653133 0,004337909 0,035072368 0,008149131 0,014755526 0,026836146 0,024795753 0,03319786 0,007369469 0,04026044 0,036196243 0,007278232 0,011902293 0,030568573 0,019470825 0,070605068 0,040683449 0,032758263 0,010695475 0,028718948 0,02555468 0,006423921 0,024306391 0,018852901 0,021502924 0,037112761 0,037398913 0,018757517 0,038908473 0,040982043 0,011242898 0,023564053 0,040422179 0,014274458
#0,024144652 0,028337411 0,020200722 0,029685232 0,036449218 0,024252478 0,009364243 0,020088749 0,017368225 0,00773027 0,027304773 0,006593953 0,032418198 0,010712064 0,028013934 0,010148053 0,029108779 0,029274665 0,026769792 0,023004189 0,007083316 0,013664828 0,105594493 0,04113134 0,028918011 0,035482935 0,025164849 0,038240783 0,026657819 0,024070004 0,033380334 0,014477668 0,010807448 0,025243645 0,028080289 0,018392568 0,010736947 0,030522954 0,026997885 0,014382283
#0,026794675 0,025861568 0,021801518 0,016368764 0,007128935 0,026935678 0,020690084 0,021299714 0,00848505 0,015116327 0,03844814 0,029448845 0,029117074 0,034417119 0,031020611 0,022278439 0,014125161 0,019640858 0,031733919 0,027433335 0,025691536 0,018541865 0,029282959 0,088757102 0,02584498 0,020146809 0,029191722 0,034495915 0,040003318 0,00755609 0,027147182 0,03273338 0,019611828 0,018985609 0,010824037 0,009310331 0,00796251 0,030290715 0,021482188 0,033994111
#0,007763447 0,039178037 0,025459296 0,011670053 0,02506117 0,029693526 0,037386472 0,007995687 0,027897814 0,016144818 0,011657612 0,03772239 0,034276117 0,040198233 0,016406088 0,036727077 0,022046199 0,006822046 0,01084892 0,006208269 0,015361009 0,0083399 0,031621947 0,007618297 0,148500809 0,008315017 0,035167752 0,011981089 0,029983826 0,028681624 0,012043296 0,028747978 0,022854892 0,034110231 0,010260026 0,031310911 0,015688633 0,004897773 0,039650811 0,023700908
#0,015340273 0,00435035 0,04121843 0,005428607 0,033712106 0,024969933 0,005171484 0,036233567 0,041243313 0,029083897 0,008949529 0,030539543 0,009198358 0,040886659 0,035860324 0,019288351 0,006361714 0,022622652 0,006697632 0,012947373 0,017496786 0,004665533 0,0128354 0,031899805 0,035250695 0,191411272 0,022597769 0,03010824 0,037996102 0,023257164 0,027814872 0,019213702 0,015244889 0,012267242 0,01344503 0,015244889 0,016032845 0,011168249 0,027524572 0,004420852
#0,037187409 0,032857795 0,022137436 0,008825115 0,007327997 0,03095011 0,008767055 0,028893128 0,00435035 0,037141791 0,041396757 0,033434247 0,010533737 0,009434745 0,0182018 0,033471571 0,011230457 0,030506366 0,014809439 0,019085141 0,012702691 0,025679094 0,028142496 0,040679302 0,004516236 0,03931904 0,007945921 0,041069133 0,032090574 0,035644673 0,025662506 0,038543524 0,034122672 0,019893833 0,032156928 0,029672791 0,021196035 0,031377265 0,028254469 0,030788371
#0,037013229 0,025309999 0,024551072 0,026301165 0,039439307 0,020607141 0,008845851 0,022191349 0,014755526 0,0056567 0,019910422 0,009405715 0,025442707 0,00694646 0,036573632 0,030240949 0,039874756 0,019653299 0,019280056 0,039082653 0,034682536 0,006158504 0,026305312 0,03022436 0,012387509 0,018160328 0,019168084 0,079455066 0,023078837 0,037054701 0,033442541 0,008124248 0,009642102 0,040530005 0,017525816 0,028727243 0,031028906 0,026172604 0,024057562 0,022991747
#0,02278439 0,007738564 0,036324804 0,027118152 0,04043462 0,006979638 0,035823 0,028333264 0,029461286 0,031650977 0,019089288 0,023999502 0,007908597 0,014506698 0,013934392 0,020499316 0,007829801 0,033977522 0,016468295 0,009637955 0,019445942 0,017264546 0,025343176 0,031344088 0,023112014 0,01718575 0,005013893 0,019404471 0,096367105 0,040343383 0,033202007 0,013030316 0,016899598 0,034782068 0,024310538 0,031642682 0,035176046 0,02027537 0,033326421 0,028030523
#0,03844814 0,006212417 0,005387136 0,014249575 0,034135114 0,019657446 0,006029942 0,030240949 0,015891843 0,019939452 0,032198399 0,029025837 0,020777174 0,040762244 0,010562767 0,035084809 0,024318832 0,011740555 0,019242732 0,029158545 0,014365695 0,011591258 0,029880148 0,034325882 0,025579563 0,019562062 0,007211877 0,025766184 0,004856302 0,154062124 0,014232986 0,03002115 0,034014847 0,006718368 0,012213329 0,029328578 0,031033053 0,025733007 0,034114378 0,012325302
#0,00437938 0,017160868 0,029842823 0,014407166 0,029876 0,02511923 0,00680131 0,029685232 0,018168623 0,025463443 0,013714594 0,011893999 0,032787293 0,01006511 0,030319745 0,013702152 0,024115622 0,022502385 0,026715879 0,024215154 0,007892008 0,011259487 0,004744329 0,016468295 0,036362128 0,004151288 0,007444117 0,017691702 0,014859205 0,018985609 0,247418405 0,025305852 0,030829843 0,0184921 0,011989383 0,027433335 0,012553394 0,03106623 0,006490275 0,037627006
#0,020793763 0,034305147 0,01332891 0,032484552 0,033542073 0,015514453 0,03807075 0,015684486 0,01350309 0,028785303 0,019582798 0,004454029 0,033600133 0,032720939 0,025724713 0,027300626 0,023182516 0,02780243 0,033069299 0,032803882 0,01021026 0,011466844 0,010546178 0,026939825 0,02526438 0,0128354 0,035117986 0,014340812 0,022013022 0,029672791 0,033297391 0,11805665 0,008140837 0,015290507 0,011840086 0,020532493 0,018803135 0,017629494 0,012872724 0,038875295
#0,00429229 0,019528885 0,019085141 0,009331066 0,03121138 0,019802596 0,005449343 0,014784556 0,029842823 0,040065525 0,039671546 0,010566914 0,017654377 0,015543483 0,005300046 0,008820968 0,040907394 0,036100858 0,038369344 0,031713184 0,014440343 0,03403973 0,022133289 0,016451707 0,036158918 0,019313234 0,019022934 0,017368225 0,040612947 0,027698752 0,005805997 0,012565836 0,124870402 0,025405383 0,016426824 0,029457139 0,026890059 0,008903911 0,03660681 0,027785842
#0,026537552 0,022398706 0,014058806 0,012325302 0,013026168 0,036561191 0,022154025 0,009982167 0,034305147 0,016907892 0,01476382 0,005577904 0,032592378 0,015174387 0,038473023 0,026533405 0,016260938 0,017297723 0,0361133 0,039240244 0,033595986 0,02817982 0,029204164 0,015560071 0,008679965 0,039372952 0,0050761 0,014938 0,023377431 0,032061544 0,010040227 0,027582632 0,008957824 0,144531995 0,04043462 0,037436238 0,00773027 0,007348733 0,024949198 0,010658151
#0,033886285 0,00948451 0,036308215 0,017990296 0,035922531 0,006838635 0,007406793 0,018906814 0,037469415 0,030303156 0,021009414 0,019773566 0,040762244 0,036013769 0,026977149 0,01828889 0,024484718 0,03308174 0,037042259 0,023041513 0,026935678 0,013764359 0,029838676 0,035868619 0,037125202 0,031236263 0,039841579 0,01998507 0,023962178 0,03888359 0,008870734 0,011947912 0,018894372 0,036934434 0,001969892 0,016874715 0,039663252 0,008937088 0,01245801 0,031016464
#0,023763115 0,033405217 0,009986314 0,008791938 0,007601709 0,028797744 0,007518766 0,028511591 0,016327292 0,034819392 0,022473355 0,024161241 0,014224692 0,030692987 0,040546593 0,040517563 0,038904325 0,040882512 0,022407 0,035059926 0,021718575 0,014635259 0,027234272 0,025509062 0,019387882 0,04110231 0,013747771 0,022415295 0,019586945 0,018110563 0,00828184 0,015883548 0,010736947 0,024957492 0,034106084 0,053726206 0,039468337 0,031505827 0,028694065 0,019798449
#0,006511011 0,036859785 0,014237133 0,023460374 0,021930079 0,008858292 0,021569278 0,039812549 0,018123004 0,035545142 0,01884046 0,028826774 0,011135072 0,011230457 0,037846805 0,02558371 0,024273214 0,009525982 0,036959317 0,009737486 0,031858334 0,021573425 0,034425414 0,032990503 0,030290715 0,012271389 0,033123212 0,039621781 0,028893128 0,016418529 0,033500601 0,033587691 0,038294696 0,036669017 0,039107535 0,026943972 0 0,039816696 0,005407871 0,024339568
#0,008696554 0,026973002 0,038867001 0,03279144 0,041454817 0,00559864 0,011985236 0,040069672 0,007245055 0,021552689 0,029652055 0,040604653 0,016920333 0,022382118 0,013146436 0,038435699 0,012968108 0,020316842 0,014282752 0,024148799 0,016493178 0,011786173 0,008746319 0,031435325 0,025616887 0,033890433 0,039630075 0,008729731 0,010081699 0,010019492 0,006647866 0,0390868 0,022249409 0,033550367 0,01205159 0,024343715 0,025318293 0,131667565 0,011927176 0,028636005
#0,034230498 0,024766723 0,02275536 0,0310372 0,016542944 0,019624269 0,036100858 0,026044043 0,013042757 0,014033924 0,007456559 0,039468337 0,009401568 0,01983992 0,010040227 0,014514992 0,034885746 0,03100817 0,035408286 0,013163024 0,023779704 0,008219633 0,018222536 0,01012317 0,038518641 0,00452453 0,027578485 0,03637457 0,025716419 0,035117986 0,015929167 0,024123917 0,016642475 0,005905528 0,02558371 0,019541326 0,03649069 0,011213868 0,142549662 0,02047858
#0,007112346 0,039219508 0,040882512 0,024186124 0,014042218 0,011516609 0,018583337 0,010143906 0,037697508 0,013187907 0,006685191 0,035897649 0,008476755 0,029096338 0,021067474 0,007858831 0,031862481 0,026085514 0,024215154 0,020146809 0,020822793 0,007485589 0,037320118 0,029394932 0,006714221 0,010641563 0,009973873 0,021457305 0,039854021 0,032467963 0,006577365 0,021212624 0,014693319 0,014104425 0,016165554 0,026894206 0,036154771 0,026156015 0,004806536 0,189138639

#resposta
#0,026597483
#0,024025008
#0,022532684
#0,024033249
#0,029847865
#0,023530712
#0,024117015
#0,023555383
#0,023168747
#0,025456236
#0,026084295
#0,025223534
#0,021353834
#0,030269814
#0,02491212
#0,026412205
#0,028547194
#0,027423685
#0,029479381
#0,027429487
#0,023552769
#0,020600985
#0,025617393
#0,025017976
#0,027079088
#0,026249512
#0,02250358
#0,019972597
#0,024561768
#0,026251502
#0,02597813
#0,024798566
#0,024342999
#0,025623218
#0,022383572
#0,024231875
#0,020224279
#0,023103201
#0,027631261
#0,026275799
