#CTMC
20
-104 4 8 3 13 7 9 0 1 2 3 5 10 5 3 2 4 7 7 11
1 -117 2 3 4 9 11 7 7 4 22 0 1 10 7 3 8 10 1 7
15 4 -107 0 5 4 5 4 2 1 0 9 5 10 8 7 11 2 7 8
5 5 5 -85 3 2 3 32 3 0 0 11 0 2 1 3 3 2 3 2
3 3 4 0 -107 0 0 1 2 55 11 2 3 5 3 3 1 1 5 5
3 4 33 1 2 -60 2 2 0 0 0 0 3 0 2 0 3 2 0 3
1 1 2 2 2 2 -52 2 0 0 1 1 3 6 1 6 1 6 6 9
9 8 8 8 5 0 9 -114 2 0 9 1 9 6 5 8 7 11 1 8
3 6 1 9 0 2 5 5 -94 7 8  2 10 0 8 7 8 2 11
4 6 1 9 9 2 3 11 33 -135 6 9 3 5 6 5 10 1 3 9
3 5 1 8 9 1 0 6 1 2 -80 0 3 8 4 8 4 3 9 5
4 3 1 6 0 3 3 2 1 3 0 -67 9 10 0 3 3 2 4 10
10 9 10 9 7 14 10 5 7 6 5 9 -145 9 5 11 4 1 3 11
11 9 11 13 14 11 5 12 14 14 10 13 6 -175 1 8 7 4 2 10
7 15 13 8 8 6 9 13 9 7 15 14 4 3 -147 5 5 4 1 1
13 7 8 15 8 14 9 10 6 8 14 14 3 2 3 -146 2 5 4 1
7 15 12 15 7 6 11 7 12 13 15 8 5 0 3 0 -142 2 0 4
13 10 12 12 5 15 11 12 8 7 5 14 7 8 0 5 1 -155 3 7
7 9 13 10 13 14 13 11 12 12 14 6 9 3 4 4 6 1 -170 9
9 7 12 14 12 15 12 13 7 11 9 11 2 6 9 10 9 3 11 -182

#DTMC
#0,428571429 0,021978022 0,043956044 0,016483516 0,071428571 0,038461538 0,049450549 0 0,005494505 0,010989011 0,016483516 0,027472527 0,054945055 0,027472527 0,016483516 0,010989011 0,021978022 0,038461538 0,038461538 0,06043956
#0,005494505 0,357142857 0,010989011 0,016483516 0,021978022 0,049450549 0,06043956 0,038461538 0,038461538 0,021978022 0,120879121 0 0,005494505 0,054945055 0,038461538 0,016483516 0,043956044 0,054945055 0,005494505 0,038461538
#0,082417582 0,021978022 0,412087912 0 0,027472527 0,021978022 0,027472527 0,021978022 0,010989011 0,005494505 0 0,049450549 0,027472527 0,054945055 0,043956044 0,038461538 0,06043956 0,010989011 0,038461538 0,043956044
#0,027472527 0,027472527 0,027472527 0,532967033 0,016483516 0,010989011 0,016483516 0,175824176 0,016483516 0 0 0,06043956 0 0,010989011 0,005494505 0,016483516 0,016483516 0,010989011 0,016483516 0,010989011
#0,016483516 0,016483516 0,021978022 0 0,412087912 0 0 0,005494505 0,010989011 0,302197802 0,06043956 0,010989011 0,016483516 0,027472527 0,016483516 0,016483516 0,005494505 0,005494505 0,027472527 0,027472527
#0,016483516 0,021978022 0,181318681 0,005494505 0,010989011 0,67032967 0,010989011 0,010989011 0 0 0 0 0,016483516 0 0,010989011 0 0,016483516 0,010989011 0 0,016483516
#0,005494505 0,005494505 0,010989011 0,010989011 0,010989011 0,010989011 0,714285714 0,010989011 0 0 0,005494505 0,005494505 0,016483516 0,032967033 0,005494505 0,032967033 0,005494505 0,032967033 0,032967033 0,049450549
#0,049450549 0,043956044 0,043956044 0,043956044 0,027472527 0 0,049450549 0,373626374 0,010989011 0 0,049450549 0,005494505 0,049450549 0,032967033 0,027472527 0,043956044 0,038461538 0,06043956 0,005494505 0,043956044
#0,016483516 0,032967033 0,005494505 0,049450549 0 0,010989011 0,027472527 0,027472527 0,483516484 0,038461538 0,043956044 0 0,010989011 0,054945055 0 0,043956044 0,038461538 0,043956044 0,010989011 0,06043956
#0,021978022 0,032967033 0,005494505 0,049450549 0,049450549 0,010989011 0,016483516 0,06043956 0,181318681 0,258241758 0,032967033 0,049450549 0,016483516 0,027472527 0,032967033 0,027472527 0,054945055 0,005494505 0,016483516 0,049450549
#0,016483516 0,027472527 0,005494505 0,043956044 0,049450549 0,005494505 0 0,032967033 0,005494505 0,010989011 0,56043956 0 0,016483516 0,043956044 0,021978022 0,043956044 0,021978022 0,016483516 0,049450549 0,027472527
#0,021978022 0,016483516 0,005494505 0,032967033 0 0,016483516 0,016483516 0,010989011 0,005494505 0,016483516 0 0,631868132 0,049450549 0,054945055 0 0,016483516 0,016483516 0,010989011 0,021978022 0,054945055
#0,054945055 0,049450549 0,054945055 0,049450549 0,038461538 0,076923077 0,054945055 0,027472527 0,038461538 0,032967033 0,027472527 0,049450549 0,203296703 0,049450549 0,027472527 0,06043956 0,021978022 0,005494505 0,016483516 0,06043956
#0,06043956 0,049450549 0,06043956 0,071428571 0,076923077 0,06043956 0,027472527 0,065934066 0,076923077 0,076923077 0,054945055 0,071428571 0,032967033 0,038461538 0,005494505 0,043956044 0,038461538 0,021978022 0,010989011 0,054945055
#0,038461538 0,082417582 0,071428571 0,043956044 0,043956044 0,032967033 0,049450549 0,071428571 0,049450549 0,038461538 0,082417582 0,076923077 0,021978022 0,016483516 0,192307692 0,027472527 0,027472527 0,021978022 0,005494505 0,005494505
#0,071428571 0,038461538 0,043956044 0,082417582 0,043956044 0,076923077 0,049450549 0,054945055 0,032967033 0,043956044 0,076923077 0,076923077 0,016483516 0,010989011 0,016483516 0,197802198 0,010989011 0,027472527 0,021978022 0,005494505
#0,038461538 0,082417582 0,065934066 0,082417582 0,038461538 0,032967033 0,06043956 0,038461538 0,065934066 0,071428571 0,082417582 0,043956044 0,027472527 0 0,016483516 0 0,21978022 0,010989011 0 0,021978022
#0,071428571 0,054945055 0,065934066 0,065934066 0,027472527 0,082417582 0,06043956 0,065934066 0,043956044 0,038461538 0,027472527 0,076923077 0,038461538 0,043956044 0 0,027472527 0,005494505 0,148351648 0,016483516 0,038461538
#0,038461538 0,049450549 0,071428571 0,054945055 0,071428571 0,076923077 0,071428571 0,06043956 0,065934066 0,065934066 0,076923077 0,032967033 0,049450549 0,016483516 0,021978022 0,021978022 0,032967033 0,005494505 0,065934066 0,049450549
#0,049450549 0,038461538 0,065934066 0,076923077 0,065934066 0,082417582 0,065934066 0,071428571 0,038461538 0,06043956 0,049450549 0,06043956 0,010989011 0,032967033 0,049450549 0,054945055 0,049450549 0,016483516 0,06043956 0

#resposta
#0,053556601
#0,045802811
#0,067539523
#0,068738177
#0,049791384
#0,078453394
#0,099780895
#0,060913622
#0,050827866
#0,045590701
#0,069818596
#0,073536783
#0,029450451
#0,032437003
#0,021484657
#0,033259528
#0,032889107
#0,025814239
#0,023302987
#0,037011675
