#CTMC
-50 0 1 0 1 0 1 1 0 0 1 0 1 1 1 0 0 1 0 0 1 1 0 1 0 1 0 1 1 0 1 0 0 1 1 1 0 1 0 1 0 0 0 1 1 0 0 1 0 0 0 1 1 1 0 0 1 0 0 1 1 0 1 0 1 0 1 1 0 0 1 0 1 1 1 1 0 0 0 1 1 1 0 1 0 1 1 1 0 0 1 0 0 1 1 0 0 0 0 1
1 -53 1 1 0 0 1 0 1 1 1 1 1 0 0 0 1 1 0 0 0 1 0 0 1 1 1 0 0 0 1 0 1 0 1 0 1 1 0 0 0 1 1 1 0 0 1 0 0 1 1 1 0 0 0 1 1 0 0 0 1 0 1 1 0 0 1 0 1 1 1 1 1 0 0 0 0 1 1 1 0 1 1 1 1 1 0 0 0 1 1 0 0 0 1 0 0 1 1 1
0 1 -33 0 0 1 0 0 0 1 1 0 0 1 0 1 0 0 0 0 0 0 0 0 1 1 1 1 1 0 1 0 0 1 0 1 1 1 0 0 1 1 0 0 1 0 0 0 0 0 0 0 1 0 1 0 0 0 0 0 0 0 1 0 0 1 0 0 0 1 1 0 0 1 0 0 0 0 0 0 1 1 0 0 0 0 1 0 1 0 0 0 0 0 0 0 1 1 0 0
1 0 0 -45 0 1 0 1 1 0 0 1 1 0 0 1 0 0 1 1 1 0 1 0 0 0 0 1 0 0 0 1 1 0 1 0 0 1 0 1 0 0 0 1 0 0 1 1 0 0 1 1 0 0 1 0 0 1 1 1 0 1 0 0 0 1 0 1 1 0 0 1 1 0 0 1 0 0 1 1 0 0 1 1 1 1 0 0 1 0 0 1 1 1 0 1 0 0 0 1
0 1 0 1 -49 1 0 0 1 0 0 0 0 0 0 1 1 1 1 1 0 0 1 0 1 1 1 0 0 1 1 1 0 1 0 1 1 0 1 1 1 0 1 1 0 0 1 1 1 1 0 0 0 0 1 1 1 1 1 0 0 1 0 1 0 1 0 0 1 0 0 0 0 0 0 1 1 1 0 0 0 0 0 0 0 0 0 0 1 1 1 1 1 0 0 1 1 0 1 1
1 0 1 0 0 -44 1 1 0 0 0 0 0 1 1 0 0 1 0 1 0 1 0 0 0 0 1 0 1 1 0 0 0 1 1 1 1 0 0 0 1 1 1 0 0 0 0 1 1 1 0 0 1 1 0 0 1 0 1 0 1 0 1 0 0 0 1 1 0 0 0 0 0 1 1 1 1 1 0 0 1 0 0 0 0 0 1 1 0 0 1 0 1 0 1 0 1 1 1 0
1 0 0 1 0 0 -38 0 0 1 0 0 1 0 1 1 0 1 0 0 0 1 0 0 0 1 1 1 0 0 0 1 1 0 0 0 1 1 0 0 0 1 0 1 0 0 1 0 0 0 0 1 0 1 1 0 1 0 0 0 1 0 0 1 0 0 1 0 0 1 0 0 1 0 1 0 0 0 0 1 0 0 0 1 0 1 0 1 1 0 1 0 0 0 1 0 0 1 0 1
1 1 0 1 0 0 0 -50 1 0 1 0 1 1 0 1 0 0 1 0 1 0 1 1 0 0 0 0 0 0 1 1 1 1 0 1 0 0 1 0 1 0 0 1 1 1 1 1 1 0 0 1 1 0 1 0 0 1 0 1 0 1 0 1 0 0 0 0 1 0 1 0 1 1 0 1 1 0 0 1 1 1 0 1 0 1 1 0 1 0 0 1 0 1 0 1 1 0 0 1
0 1 0 0 1 0 1 1 -68 0 1 1 1 1 1 1 0 1 0 1 1 0 1 1 1 0 0 0 0 1 1 0 1 0 0 1 0 1 0 1 0 1 1 1 1 0 1 1 0 1 1 1 1 1 1 0 1 0 1 1 0 1 0 0 1 0 1 1 1 0 1 1 1 1 1 1 0 1 1 1 1 1 1 1 1 1 1 1 1 0 1 0 1 1 0 1 0 1 1 1
0 1 0 0 0 1 1 1 1 -48 1 0 0 1 1 1 0 0 1 0 0 1 0 0 1 1 1 0 1 0 0 1 1 0 1 1 1 0 0 0 0 1 1 0 0 1 0 1 0 0 0 0 1 1 1 0 0 1 0 0 1 0 0 0 0 1 1 1 1 1 1 0 0 1 1 1 0 0 0 0 1 1 0 0 0 0 1 1 1 0 0 1 0 0 1 0 0 1 1 0
0 0 1 1 1 1 1 0 1 0 -65 1 0 1 1 1 1 1 1 1 1 0 1 1 1 1 0 1 1 1 0 0 0 1 0 1 1 0 0 1 1 0 0 0 0 1 0 1 1 0 1 0 1 1 1 1 1 1 1 1 0 1 1 1 1 1 1 0 1 0 0 1 0 1 1 1 1 0 1 0 1 0 1 0 1 0 1 1 1 1 1 1 1 1 0 1 1 0 0 0
1 0 1 0 0 1 1 0 1 1 1 -58 1 1 0 0 1 0 1 0 1 0 1 0 0 0 0 1 1 0 1 0 1 1 1 1 0 0 0 1 0 0 0 0 1 0 0 1 1 1 1 1 1 0 0 1 0 1 0 1 0 1 1 0 0 1 1 0 1 1 1 1 1 1 0 1 1 1 1 1 1 1 1 1 1 1 1 0 0 1 0 1 0 1 0 1 0 0 0 0
0 0 0 1 1 1 0 0 1 1 1 1 -48 0 0 0 1 0 0 1 1 1 0 1 0 0 1 1 1 1 1 0 1 1 0 1 0 0 1 0 0 0 1 0 0 0 1 0 1 1 1 0 0 0 0 1 0 0 1 1 1 0 0 1 1 1 0 0 1 1 1 1 0 0 0 0 1 1 1 0 0 1 1 0 1 0 0 0 0 1 0 0 1 1 1 0 0 0 1 0
0 0 0 0 1 0 0 1 0 1 1 0 0 -29 0 0 0 0 0 0 1 0 0 0 0 1 0 0 0 1 1 1 0 0 0 0 1 0 1 0 1 1 0 1 0 0 1 1 0 1 0 0 0 0 0 0 0 0 0 1 0 0 0 0 1 0 0 1 0 1 1 0 0 0 0 1 0 1 0 0 0 1 0 0 0 0 0 0 0 0 0 0 0 1 0 0 1 1 0 1
1 0 0 1 0 1 1 0 1 0 1 0 1 1 -55 0 0 0 1 0 1 0 1 0 1 1 0 0 0 1 0 0 1 1 0 1 1 1 1 1 1 1 0 1 1 1 1 1 0 1 0 1 1 0 0 0 0 1 0 1 0 1 0 1 0 1 1 0 1 0 1 0 1 1 0 1 0 1 0 1 1 1 0 1 0 1 1 0 0 0 0 1 0 1 0 1 1 1 0 1
0 1 1 1 1 1 0 0 0 0 1 1 0 0 0 -50 0 1 0 1 1 0 0 0 1 0 0 1 0 1 1 1 0 1 1 1 1 0 0 0 1 0 1 1 1 1 1 1 0 0 1 0 0 0 1 0 1 0 1 1 0 0 1 1 1 1 0 0 0 0 1 1 0 0 0 1 0 0 1 0 0 1 1 0 1 0 0 0 1 0 1 0 1 1 0 0 1 0 1 1
1 1 0 1 0 1 1 1 1 1 1 1 1 1 1 0 -71 0 0 1 0 1 1 1 1 1 1 0 0 1 1 0 0 0 1 1 1 1 1 0 0 0 1 0 1 1 0 1 1 1 1 1 1 1 0 1 0 0 1 0 1 1 0 1 0 1 1 1 1 1 1 1 1 1 1 1 1 1 1 1 1 1 1 1 1 1 1 1 0 1 0 0 1 0 1 1 0 0 1 0
1 1 1 1 0 0 1 0 0 1 0 0 1 1 0 0 1 -44 1 0 0 1 1 0 1 0 0 1 0 0 1 0 0 0 0 0 1 0 1 1 1 0 0 0 0 1 0 0 0 1 0 1 1 0 0 1 0 1 0 0 1 1 1 1 0 0 1 0 0 1 0 0 1 1 0 0 0 1 0 1 1 0 0 1 0 1 1 0 0 1 0 1 0 0 1 1 1 0 0 0
0 1 1 0 1 0 1 1 0 1 1 0 0 0 0 0 0 0 -37 1 0 0 0 1 1 0 0 1 1 1 0 1 0 0 0 1 1 1 1 0 1 1 1 1 0 1 1 0 0 0 0 0 0 0 0 0 0 0 1 0 0 0 1 0 1 0 1 1 0 1 1 0 0 0 0 0 0 0 0 0 0 1 0 0 0 0 0 0 0 0 0 0 1 0 0 0 1 1 1 1
0 1 0 0 1 0 1 1 0 1 1 0 0 0 0 1 1 1 1 -49 1 0 1 0 1 0 0 0 1 1 1 0 0 0 1 0 1 1 1 0 0 1 1 0 0 1 1 0 1 0 0 0 0 0 1 1 1 1 1 1 0 1 0 0 1 0 1 1 0 1 1 0 0 0 0 0 1 0 0 0 0 1 0 0 0 0 0 0 1 1 1 1 1 1 0 1 0 1 1 0
0 0 1 0 0 0 1 0 0 0 0 1 1 0 0 0 1 0 1 1 -43 1 0 0 1 1 0 0 1 1 0 1 0 1 1 1 0 1 0 1 0 0 0 1 0 0 1 0 0 1 1 1 0 0 0 1 0 1 1 0 1 0 1 0 0 0 1 0 0 0 0 1 1 0 0 0 0 1 1 1 0 0 1 1 1 1 0 0 0 1 0 1 1 0 1 0 0 0 0 1
1 1 1 1 1 1 1 1 0 0 1 0 1 1 0 0 0 0 1 1 0 -55 1 0 0 0 1 1 1 1 1 1 1 0 0 0 1 0 1 0 1 0 0 1 1 1 1 1 0 0 0 1 1 0 0 0 0 1 1 0 0 1 1 1 1 1 1 1 0 0 1 0 1 1 0 1 0 0 0 1 1 1 0 1 0 1 1 0 0 0 0 1 1 0 0 1 1 0 0 1
0 1 1 0 1 0 1 1 1 1 1 1 1 0 1 0 0 0 1 1 0 0 -54 1 0 0 0 1 0 1 0 0 1 0 1 0 0 0 0 0 1 0 1 1 1 1 1 0 0 1 1 1 0 1 0 0 0 1 1 0 0 0 1 0 1 0 1 1 1 1 1 1 1 0 1 0 0 1 1 1 0 1 1 1 1 1 0 1 0 0 0 1 1 0 0 0 1 0 1 1
1 0 0 0 0 1 1 0 1 1 1 0 1 0 0 1 1 1 1 1 0 1 1 -47 0 1 1 1 0 1 0 0 0 0 0 0 0 0 0 0 0 0 0 0 1 0 1 0 0 1 0 1 0 0 1 1 1 1 1 0 1 1 0 0 0 1 1 0 1 1 1 0 1 0 0 0 0 1 0 1 0 1 0 1 0 1 0 0 1 1 1 1 1 0 1 1 0 0 0 0
0 0 0 1 1 0 1 0 0 1 1 1 0 1 1 0 0 0 0 1 0 1 0 1 -45 0 1 0 0 0 0 0 0 1 0 0 0 0 0 0 0 1 1 1 0 0 1 0 0 1 1 0 1 1 0 0 0 0 1 0 1 0 0 1 1 0 1 0 0 1 1 1 0 1 1 0 0 1 1 0 1 1 1 0 1 0 1 1 0 0 0 0 1 0 1 0 0 1 1 1
0 1 1 1 1 1 1 1 0 1 0 0 1 1 1 1 0 1 0 0 0 1 0 0 0 -58 1 1 1 0 0 1 1 0 1 0 1 1 1 0 1 1 1 0 0 1 0 0 1 0 0 1 1 1 1 0 1 0 0 0 1 0 1 1 1 1 1 1 0 1 0 0 1 1 1 0 1 0 0 1 1 0 0 1 0 1 1 1 1 0 1 0 0 0 1 0 1 1 1 0
1 0 1 0 0 1 1 0 1 0 0 1 1 0 1 1 1 0 0 0 0 0 0 1 1 1 -49 0 1 1 1 1 1 1 1 0 0 1 0 0 0 0 0 1 1 1 1 0 1 0 1 1 0 1 1 1 0 0 0 0 0 0 1 0 0 1 1 0 1 0 0 1 1 0 1 0 1 0 1 1 0 0 1 1 1 1 0 1 1 1 0 0 0 0 0 0 0 0 0 1
0 0 1 1 0 0 0 0 1 0 1 1 1 1 0 1 1 0 0 1 1 1 0 0 0 0 0 -59 1 1 0 1 0 0 1 1 0 0 1 1 1 0 0 0 1 0 1 1 1 1 1 1 1 0 1 1 0 0 1 1 1 0 1 1 0 0 0 0 1 0 1 1 1 1 0 1 1 1 1 1 1 1 1 1 1 1 1 0 1 1 0 0 1 1 1 0 1 0 0 0
1 0 0 0 0 0 0 1 0 1 1 0 1 0 1 1 0 0 0 1 1 0 1 1 1 0 0 0 -49 1 1 0 1 1 1 1 1 0 1 1 0 1 0 0 1 0 0 1 0 1 0 1 0 1 1 0 0 0 1 1 0 1 0 0 0 0 0 1 0 1 1 0 1 0 1 1 0 1 0 1 0 1 0 1 0 1 0 1 1 0 0 0 1 1 0 1 0 1 0 0
1 0 1 1 1 0 1 0 1 1 0 0 1 0 0 1 0 1 0 0 1 1 0 0 1 0 1 1 0 -46 1 0 1 0 0 0 1 0 1 1 0 0 1 1 0 1 0 1 0 0 0 1 0 0 1 0 1 0 0 1 1 0 1 1 1 0 1 0 1 1 0 0 1 0 0 1 0 0 0 1 0 0 0 1 0 1 0 0 1 0 1 0 0 1 1 0 0 0 1 1
1 0 0 0 1 1 0 1 0 1 1 0 1 0 1 0 1 1 1 0 1 0 1 1 1 1 0 0 1 1 -57 0 1 1 0 0 0 0 0 1 1 1 1 1 1 0 1 1 0 0 0 1 0 1 0 1 1 1 0 1 0 1 0 0 1 1 0 1 0 1 1 0 1 0 1 1 0 0 0 1 0 1 0 1 0 1 0 1 0 1 1 1 0 1 0 1 1 1 1 1
1 0 0 0 1 1 0 1 1 0 0 1 0 0 1 0 1 1 0 0 0 1 1 1 1 0 0 1 1 0 0 -48 0 1 0 0 1 1 0 1 0 0 0 0 1 1 0 1 1 1 1 0 0 1 0 1 1 0 0 0 1 1 0 0 1 1 0 1 1 0 0 1 0 0 1 1 1 1 1 0 0 0 1 0 1 0 0 1 0 1 1 0 0 0 1 1 0 0 0 0
1 1 1 1 1 1 1 1 1 0 1 0 1 1 1 0 0 1 0 1 0 1 1 0 0 1 0 1 1 1 0 0 -63 1 1 1 1 0 1 1 0 1 0 0 1 1 0 1 0 0 0 1 1 1 0 0 1 0 1 0 1 1 1 1 1 1 1 1 1 0 1 0 1 1 1 1 0 0 0 1 1 1 0 1 0 1 1 1 0 0 1 0 1 0 1 1 0 1 0 0
0 1 1 0 1 0 0 1 0 0 0 1 0 0 0 0 0 0 0 1 1 1 1 1 1 0 1 1 0 1 0 1 0 -41 0 1 0 0 1 0 0 1 0 1 0 1 0 1 0 0 1 0 0 0 0 0 0 0 1 1 1 1 1 0 1 0 0 1 0 0 0 1 0 0 0 1 0 0 1 0 0 0 1 0 1 0 0 0 0 0 0 0 1 1 1 1 0 1 0 1
0 0 1 0 1 0 1 0 1 0 0 0 1 1 0 1 1 0 1 0 0 1 0 0 1 1 1 1 1 1 0 0 1 0 -53 1 0 1 0 0 1 0 1 1 0 1 1 1 1 0 0 1 1 0 1 1 0 1 0 0 1 0 1 0 1 0 1 0 1 0 0 0 1 1 0 1 1 0 0 1 1 0 0 1 0 1 1 0 1 1 0 1 0 0 1 0 1 0 1 1
0 0 0 0 0 1 0 1 0 0 1 0 1 1 1 1 0 1 0 1 0 1 0 1 1 1 1 0 0 1 1 1 1 0 0 -49 1 0 0 0 1 0 0 0 1 0 0 0 1 0 0 1 1 1 1 0 1 0 1 0 1 0 0 0 0 1 0 1 0 0 1 0 1 1 1 0 1 0 0 1 1 1 0 1 0 1 1 1 1 0 1 0 1 0 1 0 1 0 0 0
0 0 1 0 1 0 1 0 0 0 1 0 0 0 1 1 0 1 1 1 1 1 1 1 0 0 0 1 1 0 0 1 0 1 1 0 -51 0 0 1 1 1 1 1 0 1 0 0 0 0 0 0 0 1 1 0 1 1 1 1 1 1 1 0 1 0 1 0 0 0 1 0 0 0 1 0 0 0 0 0 0 1 0 0 0 0 0 1 1 0 1 1 1 1 1 1 1 1 1 1
1 1 1 0 1 1 0 1 1 0 1 1 1 1 0 1 0 0 0 1 1 1 1 1 0 0 0 0 1 1 0 1 1 1 0 1 1 -66 1 1 0 0 1 0 0 1 1 0 1 1 1 1 1 0 1 0 0 0 1 1 1 1 1 0 1 1 0 1 1 0 1 1 1 1 0 0 1 1 1 1 1 1 1 1 1 1 1 0 1 0 0 0 1 1 1 1 0 0 1 0
0 0 0 1 0 0 1 1 0 0 1 0 1 1 1 0 1 1 0 1 1 1 1 0 1 0 1 0 0 0 1 0 0 1 1 0 0 0 -55 1 0 0 1 1 0 1 1 0 0 0 0 1 1 1 0 1 1 0 1 1 1 1 0 1 0 0 1 1 0 0 1 0 1 1 1 0 0 0 0 1 1 1 0 1 0 1 1 1 0 1 1 0 1 1 1 1 0 0 1 1
1 1 1 1 1 1 1 1 1 0 0 1 0 1 1 0 0 1 1 0 1 1 0 1 0 1 1 1 1 1 1 1 1 0 0 0 1 0 0 -66 1 0 1 1 1 1 0 1 1 0 1 0 1 1 0 0 1 1 0 1 1 0 1 1 1 1 1 1 1 0 0 1 0 1 1 1 1 0 1 0 1 0 1 0 1 0 1 1 0 0 1 1 0 1 1 0 1 0 1 1
1 1 0 0 1 0 1 0 0 0 1 1 0 1 1 1 1 1 1 1 0 1 0 0 1 0 1 0 0 0 1 1 1 1 1 0 1 1 1 0 -64 0 0 1 1 0 1 1 1 1 1 0 1 1 1 1 1 1 1 0 1 0 0 0 1 0 1 0 0 0 1 1 0 1 1 1 1 1 1 0 1 1 1 0 1 0 1 1 1 1 1 1 1 0 1 0 1 0 0 1
0 0 1 0 1 0 1 1 1 0 0 1 1 0 0 0 0 0 1 1 0 1 0 0 0 1 1 0 1 1 1 0 0 1 0 1 1 1 1 1 1 -52 0 0 0 1 1 1 1 1 1 1 0 0 0 0 0 1 1 0 1 0 1 0 1 0 1 1 1 0 0 1 1 0 0 1 1 1 1 1 0 0 1 1 1 1 0 0 0 0 0 1 1 0 1 0 1 0 0 0
0 0 0 0 0 1 1 0 0 1 0 1 1 0 1 0 0 0 0 0 1 1 0 0 0 0 1 0 1 0 1 1 1 0 1 0 0 0 0 1 0 1 -44 1 0 0 1 1 1 0 1 1 0 1 0 0 0 0 0 1 1 0 0 0 0 1 1 0 0 1 0 1 1 0 1 1 1 0 1 1 0 0 1 1 1 1 0 1 0 0 0 0 0 1 1 0 0 1 0 1
1 0 0 1 0 1 0 1 0 0 1 0 0 0 0 0 0 0 0 1 0 1 1 1 1 0 1 0 0 0 1 1 1 0 0 1 1 0 0 0 1 0 1 -34 0 0 1 0 0 0 0 0 0 0 0 0 0 0 1 0 1 1 0 1 0 1 0 1 0 0 1 0 0 0 0 0 0 0 0 0 0 1 0 0 0 0 0 0 0 0 0 0 1 0 1 1 1 0 1 1
1 0 1 1 1 1 0 1 0 1 1 1 1 1 1 0 1 0 0 0 0 1 1 0 0 0 1 0 1 0 0 1 0 1 1 1 0 0 0 1 0 1 0 0 -57 1 1 0 0 0 1 1 1 1 0 1 0 0 0 0 1 1 1 1 1 1 0 1 0 1 1 1 1 1 1 0 0 0 1 1 1 1 1 1 1 1 1 1 0 1 0 0 0 0 1 1 0 1 0 0
1 1 1 0 1 0 1 1 1 0 1 0 1 0 0 0 1 0 1 0 1 1 1 1 1 1 0 1 1 0 0 1 0 1 1 1 1 0 1 0 0 1 0 1 1 -57 1 1 0 1 0 1 0 0 0 1 0 1 0 1 1 1 1 0 1 0 1 1 1 0 1 0 1 0 0 1 0 1 0 1 0 1 0 1 0 1 0 0 0 1 0 1 0 1 1 1 0 1 0 1
0 0 1 0 0 0 0 1 0 0 1 1 1 1 0 1 1 0 1 0 0 1 0 1 0 1 0 1 1 1 0 0 1 0 0 1 1 0 0 1 0 0 0 0 1 0 -49 1 0 0 1 1 1 0 1 1 0 1 0 0 1 0 1 0 0 0 0 1 0 0 1 1 1 1 0 1 0 0 1 1 1 1 1 1 1 1 1 0 1 1 0 1 0 0 1 0 0 0 0 0
0 1 0 0 0 1 0 0 1 0 1 1 1 1 1 0 1 0 0 0 1 1 1 1 0 0 0 1 0 1 1 0 1 0 1 1 1 1 1 1 1 1 0 0 0 0 0 -58 0 1 1 1 1 1 0 1 0 0 0 1 1 1 0 0 0 1 0 0 1 0 1 1 1 1 1 0 0 1 1 1 1 1 1 1 1 1 1 1 0 1 0 0 0 1 1 1 1 1 0 0
0 0 0 0 0 0 1 0 1 1 0 1 1 1 1 0 0 1 0 1 1 1 1 1 1 1 1 1 1 1 0 0 0 0 1 0 1 0 0 0 0 1 0 0 0 1 0 0 -54 0 1 1 1 1 0 0 1 0 1 1 1 1 0 0 0 0 1 0 1 1 0 1 1 1 1 0 0 0 1 1 1 0 1 1 1 1 1 1 0 0 1 0 1 1 1 1 0 1 0 0
0 0 1 0 1 1 1 0 0 1 0 0 1 1 0 1 0 1 0 0 0 0 0 0 1 0 1 0 0 1 0 1 0 1 1 0 1 0 1 0 1 1 0 0 1 1 1 1 1 -46 0 1 1 0 1 0 1 0 0 0 0 0 1 0 1 1 1 0 0 1 0 0 1 1 0 1 1 0 0 1 1 0 0 1 0 1 1 0 1 0 1 0 0 0 0 0 1 1 0 0
1 0 0 1 1 1 0 0 0 0 0 1 1 1 1 1 0 1 0 1 1 0 0 1 1 0 0 0 0 1 1 0 0 0 0 1 1 0 0 0 0 0 1 1 1 0 1 0 1 1 -56 1 1 1 1 0 1 0 1 1 0 0 0 1 1 1 0 0 0 0 0 1 1 1 1 0 1 1 1 1 1 0 1 1 1 1 1 1 1 0 1 0 1 1 0 0 0 0 1 1
1 1 0 1 0 1 0 1 1 1 0 1 0 0 0 0 1 0 1 0 0 0 1 1 1 0 1 0 0 0 0 1 0 1 0 0 0 0 0 0 1 0 1 0 1 0 0 0 1 1 1 -41 0 0 0 1 0 1 0 0 0 1 0 1 0 1 0 1 1 1 0 1 0 0 0 0 1 1 1 0 0 0 1 0 1 0 0 0 0 1 0 1 0 0 0 1 1 0 1 0
0 0 0 0 1 1 1 1 0 0 0 0 0 0 1 0 1 0 1 0 1 1 0 0 0 1 0 0 0 0 0 1 0 0 0 1 0 1 1 0 1 0 1 0 1 1 0 0 0 0 0 0 -35 1 0 1 0 1 0 1 1 0 0 0 1 1 1 1 0 0 0 0 0 0 1 0 0 0 0 0 0 0 0 0 0 0 0 1 0 1 0 1 0 1 1 0 1 0 1 0
0 1 0 0 0 0 1 0 0 1 1 0 1 0 1 1 0 1 1 0 1 0 1 1 0 0 1 0 1 1 1 1 0 0 1 1 1 1 1 1 1 0 0 0 0 0 1 1 1 0 0 1 0 -52 1 0 1 1 0 1 0 1 0 0 0 0 1 0 0 1 1 0 1 0 1 1 1 0 0 1 0 1 0 1 0 1 0 1 1 0 1 1 0 1 0 1 1 0 0 0
0 1 1 0 0 1 1 0 1 1 1 1 1 0 1 1 1 1 1 1 0 0 0 0 1 1 0 0 1 0 1 0 0 0 0 0 0 1 0 0 0 1 0 0 1 1 0 0 0 0 1 1 0 1 -54 1 1 1 1 0 0 0 1 0 0 1 1 0 1 1 1 1 1 0 1 0 0 0 1 1 0 1 1 1 1 1 0 1 1 1 1 1 1 0 0 0 0 1 0 0
0 0 0 1 1 0 1 0 1 1 1 0 1 0 0 1 0 1 1 1 0 0 1 1 1 0 0 0 1 1 0 0 0 0 1 0 1 0 0 0 1 1 0 0 1 0 0 1 0 0 0 1 0 0 1 -47 1 1 1 0 0 1 0 1 1 0 1 0 1 1 1 0 1 0 0 1 0 0 0 1 0 1 0 1 0 1 0 0 1 0 1 1 1 0 0 1 1 1 0 0
1 1 0 0 0 1 1 1 1 0 1 0 0 1 1 1 0 0 0 0 0 1 1 0 0 0 1 1 1 0 1 0 1 1 0 1 1 0 0 0 0 0 0 1 0 1 1 1 1 0 0 0 1 1 1 0 -47 0 0 0 1 1 0 0 0 1 1 1 1 0 1 0 0 1 1 1 1 0 0 0 1 1 0 0 0 0 1 1 1 0 0 0 0 0 1 1 0 0 0 1
0 1 0 1 0 0 1 0 1 0 1 0 1 0 1 1 0 0 0 1 0 0 0 1 0 1 1 1 0 1 1 1 0 1 0 1 1 0 1 1 0 1 1 1 1 0 1 1 1 0 0 1 0 1 1 0 0 -50 1 0 0 0 0 1 0 0 1 0 1 0 1 0 1 0 1 1 1 0 0 1 0 1 0 1 0 1 0 1 1 0 0 0 1 0 0 0 0 1 1 1
0 0 0 1 0 1 0 0 1 1 0 1 1 1 1 1 0 1 1 1 0 1 0 1 0 0 1 1 0 1 0 0 0 0 1 0 0 1 0 1 0 0 0 1 1 0 1 1 0 1 1 1 1 1 1 0 1 1 -59 0 1 0 0 1 0 1 0 0 1 1 0 1 1 1 1 1 0 1 1 1 1 0 1 1 1 1 1 1 1 0 1 1 1 0 1 0 0 0 0 1
0 0 1 0 1 1 1 1 0 0 0 0 1 0 1 1 1 0 0 1 1 1 1 1 1 0 0 0 0 1 1 1 1 0 0 1 1 1 0 1 1 0 0 1 1 0 0 1 1 1 0 1 0 1 1 1 0 0 1 -59 1 1 1 0 1 1 1 1 0 0 0 0 1 0 1 1 1 1 0 1 0 0 0 1 0 1 0 1 1 1 0 0 1 1 1 1 1 0 0 1
0 0 1 1 0 1 0 0 1 1 0 0 0 0 1 0 0 1 1 1 0 1 0 0 1 0 0 1 0 1 1 1 0 1 0 1 1 0 1 0 1 1 0 0 1 0 1 0 1 0 0 0 0 1 0 0 1 1 1 0 -43 0 1 1 0 1 0 0 1 1 0 0 0 0 1 0 1 0 0 0 0 0 0 0 0 0 0 1 0 0 1 1 1 0 1 0 1 1 0 0
1 1 1 0 0 0 1 0 1 1 1 1 1 1 0 0 0 0 1 1 0 0 1 0 1 0 0 0 1 0 1 1 0 0 0 1 0 1 1 0 1 0 0 0 0 1 0 1 1 0 1 1 1 0 0 0 0 1 1 0 0 -53 1 0 0 0 1 0 1 1 1 1 1 1 0 1 1 0 1 1 1 1 1 1 1 1 1 0 0 0 0 1 1 0 0 1 1 0 0 0
0 1 0 0 1 1 0 0 1 1 0 0 0 1 0 1 0 1 0 0 0 0 0 1 1 0 1 0 1 1 0 0 0 1 0 1 0 0 1 1 0 0 1 1 1 1 0 1 0 0 0 0 1 0 1 0 1 0 0 0 0 0 -37 0 1 1 0 0 1 1 0 0 0 1 0 1 0 0 0 0 1 0 0 0 0 0 1 0 1 0 1 0 0 0 0 0 0 0 1 1
1 1 0 1 1 1 1 1 1 0 1 1 0 1 1 0 0 1 0 0 0 0 0 0 1 0 0 1 0 1 0 0 0 0 0 1 0 0 0 1 0 1 1 1 1 1 1 0 1 0 1 0 1 1 0 0 1 0 0 0 0 0 0 -51 1 1 1 1 1 0 1 1 0 1 1 0 1 0 1 0 1 1 1 0 1 0 1 1 0 0 1 0 0 0 0 0 0 1 1 1
0 1 0 0 1 0 1 1 0 0 1 1 0 1 0 1 1 1 1 1 0 1 1 0 1 0 1 1 1 1 0 1 1 1 0 0 0 0 1 0 0 0 0 1 1 1 1 0 1 1 1 0 1 0 1 1 1 1 1 0 1 1 0 0 -60 0 1 1 0 0 1 1 0 1 0 0 1 1 1 0 1 1 1 0 1 0 1 0 1 1 1 1 1 0 1 1 0 0 0 1
0 1 1 0 0 0 0 0 1 1 0 0 1 1 0 1 1 1 0 0 1 0 0 0 1 1 1 0 0 0 0 0 0 1 1 0 1 0 1 0 1 1 0 0 0 1 1 1 1 1 0 1 1 0 1 1 1 0 0 1 0 0 1 0 0 -49 0 0 1 1 0 0 1 1 0 1 1 1 0 1 1 0 0 1 0 1 1 0 1 1 1 0 0 1 0 0 1 1 0 0
0 1 1 0 1 0 0 1 1 1 0 0 1 1 0 0 0 1 0 0 0 1 1 1 0 0 1 0 1 1 0 1 0 1 0 0 1 0 0 0 1 0 1 0 0 0 0 1 0 0 0 1 1 0 0 0 1 0 0 0 1 1 1 0 1 0 -44 1 1 1 0 0 1 1 0 1 0 0 0 1 1 0 0 1 0 1 1 0 0 0 1 0 0 0 1 1 1 0 1 0
0 1 1 0 0 0 1 0 0 1 1 0 0 1 1 1 0 1 0 0 1 1 0 1 0 0 0 1 0 1 0 1 0 0 0 0 1 0 1 0 0 0 1 1 1 0 0 0 0 1 0 0 1 1 1 0 1 0 0 1 1 0 1 0 0 0 1 -44 0 1 1 0 0 1 1 0 0 1 0 0 1 1 0 0 0 0 1 1 1 0 1 0 0 1 1 0 0 0 1 1
0 1 0 1 1 0 1 1 0 0 0 1 1 0 1 0 0 1 0 1 1 0 1 0 0 0 0 0 1 0 1 0 1 1 1 1 1 1 1 0 1 0 0 1 0 1 0 0 1 1 1 1 0 1 0 0 1 0 1 1 0 1 0 1 1 0 1 1 -55 0 0 1 1 0 1 0 1 1 1 1 0 0 1 1 1 1 0 1 0 0 1 0 1 1 0 1 1 0 0 1
1 1 0 0 0 1 1 1 0 1 1 1 0 0 0 1 1 0 1 0 1 0 0 1 1 1 0 0 1 1 0 1 1 1 0 0 0 0 0 0 0 1 0 0 1 1 1 0 1 0 1 0 0 0 1 1 0 1 0 1 0 0 0 0 0 1 1 1 0 -46 1 1 0 0 0 0 1 0 1 0 0 1 1 0 1 0 0 0 1 1 0 1 0 1 0 0 0 1 0 0
1 0 1 1 0 0 0 1 1 0 1 1 0 0 0 1 0 0 0 1 0 1 0 1 1 0 1 1 0 1 1 1 1 1 0 1 0 1 0 0 0 1 1 1 1 0 0 1 0 1 1 0 0 0 1 0 0 0 1 0 1 0 1 1 0 0 0 1 1 0 -49 1 0 0 0 1 0 1 1 0 0 1 1 0 1 0 0 0 1 0 0 0 1 0 1 0 0 1 1 1
0 0 1 1 0 1 1 1 0 0 0 0 0 0 1 0 1 0 1 0 0 0 1 1 0 1 0 0 1 0 1 0 1 1 0 0 0 0 1 0 0 0 0 1 1 0 0 0 0 1 0 0 0 1 0 1 0 1 0 0 0 1 1 1 0 1 1 1 0 0 0 -35 0 0 1 0 0 1 0 0 0 0 0 0 0 0 0 1 0 1 0 1 0 0 0 1 0 0 0 1
1 1 1 0 0 0 1 0 0 1 0 1 1 0 0 1 0 0 1 1 0 1 0 0 1 1 0 0 0 0 0 0 0 1 1 0 0 1 1 1 1 1 1 0 0 0 1 1 1 1 1 1 0 0 1 0 0 1 1 0 1 0 1 0 0 0 1 0 0 1 0 1 -52 0 0 1 1 1 1 1 0 0 1 1 1 1 0 0 1 0 0 1 1 0 1 0 1 1 1 0
0 0 1 0 0 0 0 1 1 0 1 0 0 1 1 0 1 1 1 1 0 1 1 1 0 0 1 1 0 0 0 1 0 1 0 1 1 0 0 1 1 1 0 0 0 0 1 0 0 1 0 0 1 1 0 1 1 1 1 0 1 1 1 0 0 0 0 1 1 0 1 0 0 -51 1 0 0 1 0 0 1 1 0 0 0 0 1 1 0 1 1 1 1 0 1 1 1 1 0 0
1 1 0 1 0 1 1 1 0 1 1 0 0 0 1 0 1 0 0 0 0 0 1 0 1 0 0 0 1 0 1 0 1 1 0 0 1 0 1 1 0 1 1 0 0 0 0 1 1 0 0 0 0 1 0 1 0 0 0 0 0 1 0 1 0 1 1 1 0 1 1 0 0 0 -41 1 1 0 0 0 0 1 0 0 0 0 0 1 0 1 0 0 0 0 0 1 0 1 1 0
0 0 0 0 1 0 0 0 1 1 0 0 0 0 1 1 1 1 1 0 0 1 1 0 1 1 1 1 0 1 0 1 1 0 0 1 0 1 1 1 0 0 1 1 0 1 0 1 1 0 0 0 0 1 1 1 1 1 0 0 1 1 0 0 1 0 0 0 1 1 0 0 0 0 1 -48 1 0 0 0 0 0 0 0 0 0 0 1 1 1 1 1 0 0 1 1 0 0 1 1
1 1 0 0 0 1 0 0 1 0 0 1 1 0 1 1 0 1 1 1 0 0 0 1 0 1 0 1 1 1 1 1 1 0 1 0 0 0 1 1 0 0 1 0 0 1 0 0 1 0 1 1 0 1 1 0 1 1 1 0 0 0 0 0 0 1 0 0 1 0 0 1 1 0 1 0 -50 0 1 1 0 0 1 1 1 1 0 1 1 0 1 1 1 0 0 0 0 0 1 0
0 0 1 0 1 1 0 1 1 0 1 0 0 1 0 0 0 1 1 1 0 0 0 1 0 0 1 0 0 0 0 0 0 1 0 1 0 0 1 1 1 1 0 1 1 1 1 1 1 0 0 0 1 0 0 0 1 1 1 0 0 0 1 0 1 1 0 1 1 0 1 0 0 1 0 1 1 -46 0 0 1 1 0 0 0 0 1 0 0 0 1 1 1 0 0 0 1 1 0 1
0 0 0 1 1 1 1 0 1 1 1 1 0 1 1 1 0 1 0 1 1 1 0 0 0 0 1 1 0 0 1 1 0 1 1 1 1 1 1 1 1 0 1 0 0 1 1 1 0 0 1 0 1 1 1 0 1 0 1 1 1 0 0 1 1 1 1 0 1 1 1 1 0 1 1 1 0 0 -64 0 1 1 1 0 1 0 1 1 1 0 1 0 1 1 1 0 1 0 1 0
1 1 0 1 1 1 1 1 1 0 0 0 1 1 1 0 1 0 1 0 1 0 1 0 1 1 1 1 0 1 0 1 0 1 1 1 1 1 0 0 0 1 1 1 0 0 0 0 1 0 0 1 1 1 0 1 0 1 0 1 0 1 0 1 1 1 1 1 1 0 0 0 1 1 1 0 1 0 0 -60 1 0 0 1 0 1 1 1 0 1 0 1 0 1 0 1 0 1 1 1
0 1 1 1 1 1 0 1 1 0 0 0 0 1 0 0 1 1 0 0 1 0 0 1 0 0 0 0 1 0 1 1 1 0 1 0 1 0 1 0 1 0 0 0 0 0 1 1 0 0 0 0 1 0 0 1 1 0 0 1 0 0 1 1 1 1 0 1 1 0 0 0 0 1 0 1 0 0 0 0 -40 0 0 0 0 0 1 0 0 1 1 0 0 1 0 0 1 0 0 0
0 1 0 0 1 0 1 1 0 0 1 0 0 1 1 0 1 0 1 1 1 1 1 0 0 1 0 0 1 0 0 1 1 1 1 0 1 1 1 1 1 0 1 0 0 1 1 1 1 1 0 0 1 1 0 1 0 1 1 1 1 1 0 0 1 0 1 1 0 0 1 0 0 1 1 1 1 1 0 0 1 -59 0 0 0 0 1 1 0 1 0 1 1 1 1 1 1 0 1 0
1 0 1 0 0 1 1 0 1 0 1 0 1 1 1 0 1 0 0 0 1 1 0 0 0 0 1 0 1 0 0 0 1 1 0 0 1 0 1 0 0 0 1 1 1 0 0 0 1 0 0 1 1 1 0 1 0 0 0 1 1 0 1 0 0 1 1 0 1 0 1 0 1 1 1 0 1 0 0 1 1 1 -49 1 0 1 1 1 0 1 0 0 0 1 1 0 0 0 1 1
0 1 1 0 0 1 0 1 0 1 0 0 0 1 0 0 0 0 1 0 1 1 0 0 1 0 1 1 0 0 0 1 1 0 1 0 1 1 1 1 0 1 1 1 0 0 0 1 1 0 0 0 1 0 0 0 0 1 0 1 1 0 1 0 0 1 0 1 0 1 0 0 0 1 0 1 1 0 0 0 1 0 0 -43 0 0 1 0 0 0 0 1 0 1 1 0 0 1 1 1
1 0 1 0 1 0 0 1 0 0 0 1 0 0 1 0 1 0 0 0 0 1 0 0 1 1 0 0 1 1 0 1 0 0 1 1 0 0 0 1 0 1 0 1 0 0 1 1 0 1 1 0 0 1 0 1 0 0 0 0 1 0 1 0 1 0 0 1 0 0 0 1 0 0 1 1 0 1 1 0 0 0 1 0 -40 0 0 1 0 1 0 0 0 0 1 0 0 1 0 1
0 0 1 0 1 0 1 0 1 0 1 1 1 1 1 0 1 1 1 1 1 1 1 0 1 1 0 0 1 1 0 1 0 0 0 1 0 0 1 0 1 1 1 0 1 0 0 1 1 0 1 1 1 1 0 1 1 1 1 1 1 1 1 0 1 0 1 0 1 0 1 1 1 1 1 1 1 0 1 1 1 1 1 1 1 -71 1 1 0 1 1 1 1 1 1 1 1 1 1 0
1 1 1 0 1 0 1 1 0 0 0 0 0 0 0 0 0 0 0 1 1 1 0 0 0 1 1 0 0 1 0 0 1 1 0 1 1 1 0 1 1 0 1 0 0 0 0 0 1 0 0 0 0 0 0 0 0 0 1 1 1 0 1 0 1 0 1 1 0 0 0 0 0 0 0 0 1 0 0 0 0 0 0 0 0 0 -34 0 0 0 0 0 1 1 1 0 1 0 1 0
0 0 0 0 1 1 1 0 1 0 1 0 0 1 0 1 0 1 0 0 0 1 1 0 1 1 1 0 0 0 0 1 0 0 1 1 1 1 0 0 0 1 1 0 0 1 0 0 0 0 0 0 1 0 1 0 1 0 0 0 1 1 0 0 1 1 1 0 1 0 1 0 0 1 0 0 0 0 0 0 1 1 0 0 0 0 1 -41 1 0 1 0 0 0 1 1 0 1 1 0
0 0 0 1 0 1 1 0 1 0 1 1 1 1 1 0 1 1 1 1 0 0 1 1 1 0 1 1 0 0 1 0 0 1 1 0 0 1 1 0 0 1 1 0 0 1 1 1 0 1 1 1 1 1 0 1 1 1 1 0 0 1 0 1 0 1 1 0 1 0 1 1 1 1 1 1 0 1 1 1 1 1 1 1 1 1 1 1 -66 1 1 1 1 0 0 1 0 1 1 0
1 0 1 0 0 0 0 0 1 0 1 1 1 1 1 1 0 0 0 0 0 1 1 1 1 1 1 1 1 1 0 0 0 1 1 1 0 1 1 0 0 1 0 0 1 0 0 1 0 1 1 1 1 1 1 0 0 0 0 0 1 1 1 0 0 0 0 0 1 0 1 1 1 1 1 1 0 1 1 1 1 1 1 1 1 1 1 1 1 -57 0 0 0 0 1 1 0 1 0 0
1 1 0 1 0 0 1 1 1 0 1 1 1 0 0 0 1 0 0 0 1 1 1 0 1 0 1 0 1 1 1 1 1 1 0 0 1 0 1 0 0 0 0 1 1 1 0 0 0 0 1 1 0 0 0 1 0 0 0 1 1 1 0 1 0 0 1 1 1 0 1 1 1 0 0 0 0 0 1 1 0 1 1 1 1 1 0 0 0 1 -51 0 0 1 1 1 0 0 0 1
1 1 1 1 0 1 1 0 1 1 1 0 0 0 0 1 1 1 0 0 0 1 1 0 0 1 1 0 1 1 1 1 0 0 0 0 0 1 1 1 1 0 0 0 1 0 1 0 0 1 0 0 0 0 1 1 1 0 0 0 1 1 1 1 0 1 1 0 1 1 1 0 0 0 0 0 0 1 0 0 0 1 0 0 0 0 0 0 1 1 1 -47 0 0 1 1 1 0 0 0
0 0 0 1 1 1 1 0 1 1 0 1 1 1 0 1 1 1 1 1 0 0 0 0 1 0 0 0 1 0 0 1 1 0 0 0 0 0 0 1 1 1 1 0 0 1 1 0 0 0 1 1 1 0 1 1 1 1 1 0 0 0 0 1 1 1 1 0 1 1 0 1 1 1 0 0 0 0 1 1 1 0 1 1 1 1 1 0 1 1 1 1 -57 0 0 0 1 1 1 0
1 1 1 0 1 0 1 0 0 1 0 0 0 0 0 0 0 0 0 1 0 0 1 0 0 1 1 0 1 0 0 1 0 0 0 1 1 1 0 1 0 0 0 0 0 1 1 1 0 0 0 0 0 0 0 0 0 0 1 0 0 1 1 0 1 0 1 0 0 1 0 0 0 0 0 1 0 0 0 0 0 0 0 0 0 0 0 0 0 0 0 0 1 -28 0 1 0 0 0 0
0 1 1 1 0 0 1 0 1 1 0 1 0 1 0 1 1 0 1 1 1 0 1 1 0 1 0 1 1 0 0 0 1 1 0 0 0 1 1 0 0 0 1 1 1 1 0 0 1 0 1 0 1 0 1 1 0 1 1 1 0 1 1 1 0 0 1 0 1 1 0 1 0 1 0 0 1 0 1 0 1 0 1 0 1 0 1 0 1 1 0 1 1 1 -56 1 0 0 1 1
0 1 0 1 0 0 1 1 0 0 1 1 1 1 1 0 0 0 1 0 1 1 1 1 0 1 1 1 0 1 1 0 1 1 1 0 0 1 0 1 0 1 0 1 1 1 0 1 1 1 1 1 1 1 0 0 0 1 0 1 1 1 0 1 0 0 1 1 0 0 1 1 1 1 1 1 1 1 1 1 1 1 1 1 1 1 1 1 0 0 0 1 0 1 1 -66 0 1 0 1
0 0 1 1 0 0 1 0 0 1 1 1 1 0 0 0 1 0 1 0 0 0 1 0 0 0 0 0 0 1 1 1 0 1 0 1 0 1 0 0 1 1 0 0 0 0 1 1 0 0 1 1 0 0 0 1 0 1 0 0 0 1 1 1 0 0 1 0 0 1 1 1 1 0 0 1 0 0 1 1 0 1 1 1 1 1 0 0 0 1 0 1 0 0 0 1 -45 1 0 0
1 1 1 0 1 1 1 0 1 1 0 1 0 1 1 1 0 0 1 1 0 1 0 1 0 1 1 0 1 0 1 0 1 0 1 1 0 1 0 1 1 1 0 0 1 1 0 1 1 1 1 0 1 1 1 0 0 1 1 0 1 0 1 0 1 1 1 0 1 1 0 1 0 1 1 1 1 1 1 0 1 0 1 0 1 0 1 1 1 0 0 1 1 0 1 0 1 -63 0 0
0 1 0 0 1 0 0 1 0 1 1 0 0 1 1 0 0 1 1 1 0 0 1 0 1 0 1 0 0 0 1 0 1 1 0 1 1 0 0 1 0 0 0 0 0 1 0 0 0 1 0 0 1 1 0 0 1 1 1 0 0 1 0 0 1 0 0 1 0 1 1 0 0 1 1 0 0 1 0 0 1 1 0 0 0 0 1 1 0 0 1 1 1 0 0 1 0 0 -42 0
0 0 1 0 1 0 1 0 0 1 1 1 1 0 0 1 1 0 1 0 0 0 1 0 1 0 0 0 0 1 1 1 0 0 1 1 1 1 1 0 0 1 0 0 1 0 1 0 0 1 1 1 0 0 1 1 0 1 0 0 0 1 1 0 1 0 1 0 0 1 1 1 1 0 0 0 0 1 1 1 0 1 1 1 1 1 0 0 1 1 0 1 0 0 0 1 0 1 0 -50

#DTMC
#0,295774648 0 0,014084507 0 0,014084507 0 0,014084507 0,014084507 0 0 0,014084507 0 0,014084507 0,014084507 0,014084507 0 0 0,014084507 0 0 0,014084507 0,014084507 0 0,014084507 0 0,014084507 0 0,014084507 0,014084507 0 0,014084507 0 0 0,014084507 0,014084507 0,014084507 0 0,014084507 0 0,014084507 0 0 0 0,014084507 0,014084507 0 0 0,014084507 0 0 0 0,014084507 0,014084507 0,014084507 0 0 0,014084507 0 0 0,014084507 0,014084507 0 0,014084507 0 0,014084507 0 0,014084507 0,014084507 0 0 0,014084507 0 0,014084507 0,014084507 0,014084507 0,014084507 0 0 0 0,014084507 0,014084507 0,014084507 0 0,014084507 0 0,014084507 0,014084507 0,014084507 0 0 0,014084507 0 0 0,014084507 0,014084507 0 0 0 0 0,014084507
#0,014084507 0,253521127 0,014084507 0,014084507 0 0 0,014084507 0 0,014084507 0,014084507 0,014084507 0,014084507 0,014084507 0 0 0 0,014084507 0,014084507 0 0 0 0,014084507 0 0 0,014084507 0,014084507 0,014084507 0 0 0 0,014084507 0 0,014084507 0 0,014084507 0 0,014084507 0,014084507 0 0 0 0,014084507 0,014084507 0,014084507 0 0 0,014084507 0 0 0,014084507 0,014084507 0,014084507 0 0 0 0,014084507 0,014084507 0 0 0 0,014084507 0 0,014084507 0,014084507 0 0 0,014084507 0 0,014084507 0,014084507 0,014084507 0,014084507 0,014084507 0 0 0 0 0,014084507 0,014084507 0,014084507 0 0,014084507 0,014084507 0,014084507 0,014084507 0,014084507 0 0 0 0,014084507 0,014084507 0 0 0 0,014084507 0 0 0,014084507 0,014084507 0,014084507
#0 0,014084507 0,535211268 0 0 0,014084507 0 0 0 0,014084507 0,014084507 0 0 0,014084507 0 0,014084507 0 0 0 0 0 0 0 0 0,014084507 0,014084507 0,014084507 0,014084507 0,014084507 0 0,014084507 0 0 0,014084507 0 0,014084507 0,014084507 0,014084507 0 0 0,014084507 0,014084507 0 0 0,014084507 0 0 0 0 0 0 0 0,014084507 0 0,014084507 0 0 0 0 0 0 0 0,014084507 0 0 0,014084507 0 0 0 0,014084507 0,014084507 0 0 0,014084507 0 0 0 0 0 0 0,014084507 0,014084507 0 0 0 0 0,014084507 0 0,014084507 0 0 0 0 0 0 0 0,014084507 0,014084507 0 0
#0,014084507 0 0 0,366197183 0 0,014084507 0 0,014084507 0,014084507 0 0 0,014084507 0,014084507 0 0 0,014084507 0 0 0,014084507 0,014084507 0,014084507 0 0,014084507 0 0 0 0 0,014084507 0 0 0 0,014084507 0,014084507 0 0,014084507 0 0 0,014084507 0 0,014084507 0 0 0 0,014084507 0 0 0,014084507 0,014084507 0 0 0,014084507 0,014084507 0 0 0,014084507 0 0 0,014084507 0,014084507 0,014084507 0 0,014084507 0 0 0 0,014084507 0 0,014084507 0,014084507 0 0 0,014084507 0,014084507 0 0 0,014084507 0 0 0,014084507 0,014084507 0 0 0,014084507 0,014084507 0,014084507 0,014084507 0 0 0,014084507 0 0 0,014084507 0,014084507 0,014084507 0 0,014084507 0 0 0 0,014084507
#0 0,014084507 0 0,014084507 0,309859155 0,014084507 0 0 0,014084507 0 0 0 0 0 0 0,014084507 0,014084507 0,014084507 0,014084507 0,014084507 0 0 0,014084507 0 0,014084507 0,014084507 0,014084507 0 0 0,014084507 0,014084507 0,014084507 0 0,014084507 0 0,014084507 0,014084507 0 0,014084507 0,014084507 0,014084507 0 0,014084507 0,014084507 0 0 0,014084507 0,014084507 0,014084507 0,014084507 0 0 0 0 0,014084507 0,014084507 0,014084507 0,014084507 0,014084507 0 0 0,014084507 0 0,014084507 0 0,014084507 0 0 0,014084507 0 0 0 0 0 0 0,014084507 0,014084507 0,014084507 0 0 0 0 0 0 0 0 0 0 0,014084507 0,014084507 0,014084507 0,014084507 0,014084507 0 0 0,014084507 0,014084507 0 0,014084507 0,014084507
#0,014084507 0 0,014084507 0 0 0,38028169 0,014084507 0,014084507 0 0 0 0 0 0,014084507 0,014084507 0 0 0,014084507 0 0,014084507 0 0,014084507 0 0 0 0 0,014084507 0 0,014084507 0,014084507 0 0 0 0,014084507 0,014084507 0,014084507 0,014084507 0 0 0 0,014084507 0,014084507 0,014084507 0 0 0 0 0,014084507 0,014084507 0,014084507 0 0 0,014084507 0,014084507 0 0 0,014084507 0 0,014084507 0 0,014084507 0 0,014084507 0 0 0 0,014084507 0,014084507 0 0 0 0 0 0,014084507 0,014084507 0,014084507 0,014084507 0,014084507 0 0 0,014084507 0 0 0 0 0 0,014084507 0,014084507 0 0 0,014084507 0 0,014084507 0 0,014084507 0 0,014084507 0,014084507 0,014084507 0
#0,014084507 0 0 0,014084507 0 0 0,464788732 0 0 0,014084507 0 0 0,014084507 0 0,014084507 0,014084507 0 0,014084507 0 0 0 0,014084507 0 0 0 0,014084507 0,014084507 0,014084507 0 0 0 0,014084507 0,014084507 0 0 0 0,014084507 0,014084507 0 0 0 0,014084507 0 0,014084507 0 0 0,014084507 0 0 0 0 0,014084507 0 0,014084507 0,014084507 0 0,014084507 0 0 0 0,014084507 0 0 0,014084507 0 0 0,014084507 0 0 0,014084507 0 0 0,014084507 0 0,014084507 0 0 0 0 0,014084507 0 0 0 0,014084507 0 0,014084507 0 0,014084507 0,014084507 0 0,014084507 0 0 0 0,014084507 0 0 0,014084507 0 0,014084507
#0,014084507 0,014084507 0 0,014084507 0 0 0 0,295774648 0,014084507 0 0,014084507 0 0,014084507 0,014084507 0 0,014084507 0 0 0,014084507 0 0,014084507 0 0,014084507 0,014084507 0 0 0 0 0 0 0,014084507 0,014084507 0,014084507 0,014084507 0 0,014084507 0 0 0,014084507 0 0,014084507 0 0 0,014084507 0,014084507 0,014084507 0,014084507 0,014084507 0,014084507 0 0 0,014084507 0,014084507 0 0,014084507 0 0 0,014084507 0 0,014084507 0 0,014084507 0 0,014084507 0 0 0 0 0,014084507 0 0,014084507 0 0,014084507 0,014084507 0 0,014084507 0,014084507 0 0 0,014084507 0,014084507 0,014084507 0 0,014084507 0 0,014084507 0,014084507 0 0,014084507 0 0 0,014084507 0 0,014084507 0 0,014084507 0,014084507 0 0 0,014084507
#0 0,014084507 0 0 0,014084507 0 0,014084507 0,014084507 0,042253521 0 0,014084507 0,014084507 0,014084507 0,014084507 0,014084507 0,014084507 0 0,014084507 0 0,014084507 0,014084507 0 0,014084507 0,014084507 0,014084507 0 0 0 0 0,014084507 0,014084507 0 0,014084507 0 0 0,014084507 0 0,014084507 0 0,014084507 0 0,014084507 0,014084507 0,014084507 0,014084507 0 0,014084507 0,014084507 0 0,014084507 0,014084507 0,014084507 0,014084507 0,014084507 0,014084507 0 0,014084507 0 0,014084507 0,014084507 0 0,014084507 0 0 0,014084507 0 0,014084507 0,014084507 0,014084507 0 0,014084507 0,014084507 0,014084507 0,014084507 0,014084507 0,014084507 0 0,014084507 0,014084507 0,014084507 0,014084507 0,014084507 0,014084507 0,014084507 0,014084507 0,014084507 0,014084507 0,014084507 0,014084507 0 0,014084507 0 0,014084507 0,014084507 0 0,014084507 0 0,014084507 0,014084507 0,014084507
#0 0,014084507 0 0 0 0,014084507 0,014084507 0,014084507 0,014084507 0,323943662 0,014084507 0 0 0,014084507 0,014084507 0,014084507 0 0 0,014084507 0 0 0,014084507 0 0 0,014084507 0,014084507 0,014084507 0 0,014084507 0 0 0,014084507 0,014084507 0 0,014084507 0,014084507 0,014084507 0 0 0 0 0,014084507 0,014084507 0 0 0,014084507 0 0,014084507 0 0 0 0 0,014084507 0,014084507 0,014084507 0 0 0,014084507 0 0 0,014084507 0 0 0 0 0,014084507 0,014084507 0,014084507 0,014084507 0,014084507 0,014084507 0 0 0,014084507 0,014084507 0,014084507 0 0 0 0 0,014084507 0,014084507 0 0 0 0 0,014084507 0,014084507 0,014084507 0 0 0,014084507 0 0 0,014084507 0 0 0,014084507 0,014084507 0
#0 0 0,014084507 0,014084507 0,014084507 0,014084507 0,014084507 0 0,014084507 0 0,084507042 0,014084507 0 0,014084507 0,014084507 0,014084507 0,014084507 0,014084507 0,014084507 0,014084507 0,014084507 0 0,014084507 0,014084507 0,014084507 0,014084507 0 0,014084507 0,014084507 0,014084507 0 0 0 0,014084507 0 0,014084507 0,014084507 0 0 0,014084507 0,014084507 0 0 0 0 0,014084507 0 0,014084507 0,014084507 0 0,014084507 0 0,014084507 0,014084507 0,014084507 0,014084507 0,014084507 0,014084507 0,014084507 0,014084507 0 0,014084507 0,014084507 0,014084507 0,014084507 0,014084507 0,014084507 0 0,014084507 0 0 0,014084507 0 0,014084507 0,014084507 0,014084507 0,014084507 0 0,014084507 0 0,014084507 0 0,014084507 0 0,014084507 0 0,014084507 0,014084507 0,014084507 0,014084507 0,014084507 0,014084507 0,014084507 0,014084507 0 0,014084507 0,014084507 0 0 0
#0,014084507 0 0,014084507 0 0 0,014084507 0,014084507 0 0,014084507 0,014084507 0,014084507 0,183098592 0,014084507 0,014084507 0 0 0,014084507 0 0,014084507 0 0,014084507 0 0,014084507 0 0 0 0 0,014084507 0,014084507 0 0,014084507 0 0,014084507 0,014084507 0,014084507 0,014084507 0 0 0 0,014084507 0 0 0 0 0,014084507 0 0 0,014084507 0,014084507 0,014084507 0,014084507 0,014084507 0,014084507 0 0 0,014084507 0 0,014084507 0 0,014084507 0 0,014084507 0,014084507 0 0 0,014084507 0,014084507 0 0,014084507 0,014084507 0,014084507 0,014084507 0,014084507 0,014084507 0 0,014084507 0,014084507 0,014084507 0,014084507 0,014084507 0,014084507 0,014084507 0,014084507 0,014084507 0,014084507 0,014084507 0,014084507 0 0 0,014084507 0 0,014084507 0 0,014084507 0 0,014084507 0 0 0 0
#0 0 0 0,014084507 0,014084507 0,014084507 0 0 0,014084507 0,014084507 0,014084507 0,014084507 0,323943662 0 0 0 0,014084507 0 0 0,014084507 0,014084507 0,014084507 0 0,014084507 0 0 0,014084507 0,014084507 0,014084507 0,014084507 0,014084507 0 0,014084507 0,014084507 0 0,014084507 0 0 0,014084507 0 0 0 0,014084507 0 0 0 0,014084507 0 0,014084507 0,014084507 0,014084507 0 0 0 0 0,014084507 0 0 0,014084507 0,014084507 0,014084507 0 0 0,014084507 0,014084507 0,014084507 0 0 0,014084507 0,014084507 0,014084507 0,014084507 0 0 0 0 0,014084507 0,014084507 0,014084507 0 0 0,014084507 0,014084507 0 0,014084507 0 0 0 0 0,014084507 0 0 0,014084507 0,014084507 0,014084507 0 0 0 0,014084507 0
#0 0 0 0 0,014084507 0 0 0,014084507 0 0,014084507 0,014084507 0 0 0,591549296 0 0 0 0 0 0 0,014084507 0 0 0 0 0,014084507 0 0 0 0,014084507 0,014084507 0,014084507 0 0 0 0 0,014084507 0 0,014084507 0 0,014084507 0,014084507 0 0,014084507 0 0 0,014084507 0,014084507 0 0,014084507 0 0 0 0 0 0 0 0 0 0,014084507 0 0 0 0 0,014084507 0 0 0,014084507 0 0,014084507 0,014084507 0 0 0 0 0,014084507 0 0,014084507 0 0 0 0,014084507 0 0 0 0 0 0 0 0 0 0 0 0,014084507 0 0 0,014084507 0,014084507 0 0,014084507
#0,014084507 0 0 0,014084507 0 0,014084507 0,014084507 0 0,014084507 0 0,014084507 0 0,014084507 0,014084507 0,225352113 0 0 0 0,014084507 0 0,014084507 0 0,014084507 0 0,014084507 0,014084507 0 0 0 0,014084507 0 0 0,014084507 0,014084507 0 0,014084507 0,014084507 0,014084507 0,014084507 0,014084507 0,014084507 0,014084507 0 0,014084507 0,014084507 0,014084507 0,014084507 0,014084507 0 0,014084507 0 0,014084507 0,014084507 0 0 0 0 0,014084507 0 0,014084507 0 0,014084507 0 0,014084507 0 0,014084507 0,014084507 0 0,014084507 0 0,014084507 0 0,014084507 0,014084507 0 0,014084507 0 0,014084507 0 0,014084507 0,014084507 0,014084507 0 0,014084507 0 0,014084507 0,014084507 0 0 0 0 0,014084507 0 0,014084507 0 0,014084507 0,014084507 0,014084507 0 0,014084507
#0 0,014084507 0,014084507 0,014084507 0,014084507 0,014084507 0 0 0 0 0,014084507 0,014084507 0 0 0 0,295774648 0 0,014084507 0 0,014084507 0,014084507 0 0 0 0,014084507 0 0 0,014084507 0 0,014084507 0,014084507 0,014084507 0 0,014084507 0,014084507 0,014084507 0,014084507 0 0 0 0,014084507 0 0,014084507 0,014084507 0,014084507 0,014084507 0,014084507 0,014084507 0 0 0,014084507 0 0 0 0,014084507 0 0,014084507 0 0,014084507 0,014084507 0 0 0,014084507 0,014084507 0,014084507 0,014084507 0 0 0 0 0,014084507 0,014084507 0 0 0 0,014084507 0 0 0,014084507 0 0 0,014084507 0,014084507 0 0,014084507 0 0 0 0,014084507 0 0,014084507 0 0,014084507 0,014084507 0 0 0,014084507 0 0,014084507 0,014084507
#0,014084507 0,014084507 0 0,014084507 0 0,014084507 0,014084507 0,014084507 0,014084507 0,014084507 0,014084507 0,014084507 0,014084507 0,014084507 0,014084507 0 0 0 0 0,014084507 0 0,014084507 0,014084507 0,014084507 0,014084507 0,014084507 0,014084507 0 0 0,014084507 0,014084507 0 0 0 0,014084507 0,014084507 0,014084507 0,014084507 0,014084507 0 0 0 0,014084507 0 0,014084507 0,014084507 0 0,014084507 0,014084507 0,014084507 0,014084507 0,014084507 0,014084507 0,014084507 0 0,014084507 0 0 0,014084507 0 0,014084507 0,014084507 0 0,014084507 0 0,014084507 0,014084507 0,014084507 0,014084507 0,014084507 0,014084507 0,014084507 0,014084507 0,014084507 0,014084507 0,014084507 0,014084507 0,014084507 0,014084507 0,014084507 0,014084507 0,014084507 0,014084507 0,014084507 0,014084507 0,014084507 0,014084507 0,014084507 0 0,014084507 0 0 0,014084507 0 0,014084507 0,014084507 0 0 0,014084507 0
#0,014084507 0,014084507 0,014084507 0,014084507 0 0 0,014084507 0 0 0,014084507 0 0 0,014084507 0,014084507 0 0 0,014084507 0,38028169 0,014084507 0 0 0,014084507 0,014084507 0 0,014084507 0 0 0,014084507 0 0 0,014084507 0 0 0 0 0 0,014084507 0 0,014084507 0,014084507 0,014084507 0 0 0 0 0,014084507 0 0 0 0,014084507 0 0,014084507 0,014084507 0 0 0,014084507 0 0,014084507 0 0 0,014084507 0,014084507 0,014084507 0,014084507 0 0 0,014084507 0 0 0,014084507 0 0 0,014084507 0,014084507 0 0 0 0,014084507 0 0,014084507 0,014084507 0 0 0,014084507 0 0,014084507 0,014084507 0 0 0,014084507 0 0,014084507 0 0 0,014084507 0,014084507 0,014084507 0 0 0
#0 0,014084507 0,014084507 0 0,014084507 0 0,014084507 0,014084507 0 0,014084507 0,014084507 0 0 0 0 0 0 0 0,478873239 0,014084507 0 0 0 0,014084507 0,014084507 0 0 0,014084507 0,014084507 0,014084507 0 0,014084507 0 0 0 0,014084507 0,014084507 0,014084507 0,014084507 0 0,014084507 0,014084507 0,014084507 0,014084507 0 0,014084507 0,014084507 0 0 0 0 0 0 0 0 0 0 0 0,014084507 0 0 0 0,014084507 0 0,014084507 0 0,014084507 0,014084507 0 0,014084507 0,014084507 0 0 0 0 0 0 0 0 0 0 0,014084507 0 0 0 0 0 0 0 0 0 0 0,014084507 0 0 0 0,014084507 0,014084507 0,014084507 0,014084507
#0 0,014084507 0 0 0,014084507 0 0,014084507 0,014084507 0 0,014084507 0,014084507 0 0 0 0 0,014084507 0,014084507 0,014084507 0,014084507 0,309859155 0,014084507 0 0,014084507 0 0,014084507 0 0 0 0,014084507 0,014084507 0,014084507 0 0 0 0,014084507 0 0,014084507 0,014084507 0,014084507 0 0 0,014084507 0,014084507 0 0 0,014084507 0,014084507 0 0,014084507 0 0 0 0 0 0,014084507 0,014084507 0,014084507 0,014084507 0,014084507 0,014084507 0 0,014084507 0 0 0,014084507 0 0,014084507 0,014084507 0 0,014084507 0,014084507 0 0 0 0 0 0,014084507 0 0 0 0 0,014084507 0 0 0 0 0 0 0,014084507 0,014084507 0,014084507 0,014084507 0,014084507 0,014084507 0 0,014084507 0 0,014084507 0,014084507 0
#0 0 0,014084507 0 0 0 0,014084507 0 0 0 0 0,014084507 0,014084507 0 0 0 0,014084507 0 0,014084507 0,014084507 0,394366197 0,014084507 0 0 0,014084507 0,014084507 0 0 0,014084507 0,014084507 0 0,014084507 0 0,014084507 0,014084507 0,014084507 0 0,014084507 0 0,014084507 0 0 0 0,014084507 0 0 0,014084507 0 0 0,014084507 0,014084507 0,014084507 0 0 0 0,014084507 0 0,014084507 0,014084507 0 0,014084507 0 0,014084507 0 0 0 0,014084507 0 0 0 0 0,014084507 0,014084507 0 0 0 0 0,014084507 0,014084507 0,014084507 0 0 0,014084507 0,014084507 0,014084507 0,014084507 0 0 0 0,014084507 0 0,014084507 0,014084507 0 0,014084507 0 0 0 0 0,014084507
#0,014084507 0,014084507 0,014084507 0,014084507 0,014084507 0,014084507 0,014084507 0,014084507 0 0 0,014084507 0 0,014084507 0,014084507 0 0 0 0 0,014084507 0,014084507 0 0,225352113 0,014084507 0 0 0 0,014084507 0,014084507 0,014084507 0,014084507 0,014084507 0,014084507 0,014084507 0 0 0 0,014084507 0 0,014084507 0 0,014084507 0 0 0,014084507 0,014084507 0,014084507 0,014084507 0,014084507 0 0 0 0,014084507 0,014084507 0 0 0 0 0,014084507 0,014084507 0 0 0,014084507 0,014084507 0,014084507 0,014084507 0,014084507 0,014084507 0,014084507 0 0 0,014084507 0 0,014084507 0,014084507 0 0,014084507 0 0 0 0,014084507 0,014084507 0,014084507 0 0,014084507 0 0,014084507 0,014084507 0 0 0 0 0,014084507 0,014084507 0 0 0,014084507 0,014084507 0 0 0,014084507
#0 0,014084507 0,014084507 0 0,014084507 0 0,014084507 0,014084507 0,014084507 0,014084507 0,014084507 0,014084507 0,014084507 0 0,014084507 0 0 0 0,014084507 0,014084507 0 0 0,23943662 0,014084507 0 0 0 0,014084507 0 0,014084507 0 0 0,014084507 0 0,014084507 0 0 0 0 0 0,014084507 0 0,014084507 0,014084507 0,014084507 0,014084507 0,014084507 0 0 0,014084507 0,014084507 0,014084507 0 0,014084507 0 0 0 0,014084507 0,014084507 0 0 0 0,014084507 0 0,014084507 0 0,014084507 0,014084507 0,014084507 0,014084507 0,014084507 0,014084507 0,014084507 0 0,014084507 0 0 0,014084507 0,014084507 0,014084507 0 0,014084507 0,014084507 0,014084507 0,014084507 0,014084507 0 0,014084507 0 0 0 0,014084507 0,014084507 0 0 0 0,014084507 0 0,014084507 0,014084507
#0,014084507 0 0 0 0 0,014084507 0,014084507 0 0,014084507 0,014084507 0,014084507 0 0,014084507 0 0 0,014084507 0,014084507 0,014084507 0,014084507 0,014084507 0 0,014084507 0,014084507 0,338028169 0 0,014084507 0,014084507 0,014084507 0 0,014084507 0 0 0 0 0 0 0 0 0 0 0 0 0 0 0,014084507 0 0,014084507 0 0 0,014084507 0 0,014084507 0 0 0,014084507 0,014084507 0,014084507 0,014084507 0,014084507 0 0,014084507 0,014084507 0 0 0 0,014084507 0,014084507 0 0,014084507 0,014084507 0,014084507 0 0,014084507 0 0 0 0 0,014084507 0 0,014084507 0 0,014084507 0 0,014084507 0 0,014084507 0 0 0,014084507 0,014084507 0,014084507 0,014084507 0,014084507 0 0,014084507 0,014084507 0 0 0 0
#0 0 0 0,014084507 0,014084507 0 0,014084507 0 0 0,014084507 0,014084507 0,014084507 0 0,014084507 0,014084507 0 0 0 0 0,014084507 0 0,014084507 0 0,014084507 0,366197183 0 0,014084507 0 0 0 0 0 0 0,014084507 0 0 0 0 0 0 0 0,014084507 0,014084507 0,014084507 0 0 0,014084507 0 0 0,014084507 0,014084507 0 0,014084507 0,014084507 0 0 0 0 0,014084507 0 0,014084507 0 0 0,014084507 0,014084507 0 0,014084507 0 0 0,014084507 0,014084507 0,014084507 0 0,014084507 0,014084507 0 0 0,014084507 0,014084507 0 0,014084507 0,014084507 0,014084507 0 0,014084507 0 0,014084507 0,014084507 0 0 0 0 0,014084507 0 0,014084507 0 0 0,014084507 0,014084507 0,014084507
#0 0,014084507 0,014084507 0,014084507 0,014084507 0,014084507 0,014084507 0,014084507 0 0,014084507 0 0 0,014084507 0,014084507 0,014084507 0,014084507 0 0,014084507 0 0 0 0,014084507 0 0 0 0,183098592 0,014084507 0,014084507 0,014084507 0 0 0,014084507 0,014084507 0 0,014084507 0 0,014084507 0,014084507 0,014084507 0 0,014084507 0,014084507 0,014084507 0 0 0,014084507 0 0 0,014084507 0 0 0,014084507 0,014084507 0,014084507 0,014084507 0 0,014084507 0 0 0 0,014084507 0 0,014084507 0,014084507 0,014084507 0,014084507 0,014084507 0,014084507 0 0,014084507 0 0 0,014084507 0,014084507 0,014084507 0 0,014084507 0 0 0,014084507 0,014084507 0 0 0,014084507 0 0,014084507 0,014084507 0,014084507 0,014084507 0 0,014084507 0 0 0 0,014084507 0 0,014084507 0,014084507 0,014084507 0
#0,014084507 0 0,014084507 0 0 0,014084507 0,014084507 0 0,014084507 0 0 0,014084507 0,014084507 0 0,014084507 0,014084507 0,014084507 0 0 0 0 0 0 0,014084507 0,014084507 0,014084507 0,309859155 0 0,014084507 0,014084507 0,014084507 0,014084507 0,014084507 0,014084507 0,014084507 0 0 0,014084507 0 0 0 0 0 0,014084507 0,014084507 0,014084507 0,014084507 0 0,014084507 0 0,014084507 0,014084507 0 0,014084507 0,014084507 0,014084507 0 0 0 0 0 0 0,014084507 0 0 0,014084507 0,014084507 0 0,014084507 0 0 0,014084507 0,014084507 0 0,014084507 0 0,014084507 0 0,014084507 0,014084507 0 0 0,014084507 0,014084507 0,014084507 0,014084507 0 0,014084507 0,014084507 0,014084507 0 0 0 0 0 0 0 0 0 0,014084507
#0 0 0,014084507 0,014084507 0 0 0 0 0,014084507 0 0,014084507 0,014084507 0,014084507 0,014084507 0 0,014084507 0,014084507 0 0 0,014084507 0,014084507 0,014084507 0 0 0 0 0 0,169014085 0,014084507 0,014084507 0 0,014084507 0 0 0,014084507 0,014084507 0 0 0,014084507 0,014084507 0,014084507 0 0 0 0,014084507 0 0,014084507 0,014084507 0,014084507 0,014084507 0,014084507 0,014084507 0,014084507 0 0,014084507 0,014084507 0 0 0,014084507 0,014084507 0,014084507 0 0,014084507 0,014084507 0 0 0 0 0,014084507 0 0,014084507 0,014084507 0,014084507 0,014084507 0 0,014084507 0,014084507 0,014084507 0,014084507 0,014084507 0,014084507 0,014084507 0,014084507 0,014084507 0,014084507 0,014084507 0,014084507 0 0,014084507 0,014084507 0 0 0,014084507 0,014084507 0,014084507 0 0,014084507 0 0 0
#0,014084507 0 0 0 0 0 0 0,014084507 0 0,014084507 0,014084507 0 0,014084507 0 0,014084507 0,014084507 0 0 0 0,014084507 0,014084507 0 0,014084507 0,014084507 0,014084507 0 0 0 0,309859155 0,014084507 0,014084507 0 0,014084507 0,014084507 0,014084507 0,014084507 0,014084507 0 0,014084507 0,014084507 0 0,014084507 0 0 0,014084507 0 0 0,014084507 0 0,014084507 0 0,014084507 0 0,014084507 0,014084507 0 0 0 0,014084507 0,014084507 0 0,014084507 0 0 0 0 0 0,014084507 0 0,014084507 0,014084507 0 0,014084507 0 0,014084507 0,014084507 0 0,014084507 0 0,014084507 0 0,014084507 0 0,014084507 0 0,014084507 0 0,014084507 0,014084507 0 0 0 0,014084507 0,014084507 0 0,014084507 0 0,014084507 0 0
#0,014084507 0 0,014084507 0,014084507 0,014084507 0 0,014084507 0 0,014084507 0,014084507 0 0 0,014084507 0 0 0,014084507 0 0,014084507 0 0 0,014084507 0,014084507 0 0 0,014084507 0 0,014084507 0,014084507 0 0,352112676 0,014084507 0 0,014084507 0 0 0 0,014084507 0 0,014084507 0,014084507 0 0 0,014084507 0,014084507 0 0,014084507 0 0,014084507 0 0 0 0,014084507 0 0 0,014084507 0 0,014084507 0 0 0,014084507 0,014084507 0 0,014084507 0,014084507 0,014084507 0 0,014084507 0 0,014084507 0,014084507 0 0 0,014084507 0 0 0,014084507 0 0 0 0,014084507 0 0 0 0,014084507 0 0,014084507 0 0 0,014084507 0 0,014084507 0 0 0,014084507 0,014084507 0 0 0 0,014084507 0,014084507
#0,014084507 0 0 0 0,014084507 0,014084507 0 0,014084507 0 0,014084507 0,014084507 0 0,014084507 0 0,014084507 0 0,014084507 0,014084507 0,014084507 0 0,014084507 0 0,014084507 0,014084507 0,014084507 0,014084507 0 0 0,014084507 0,014084507 0,197183099 0 0,014084507 0,014084507 0 0 0 0 0 0,014084507 0,014084507 0,014084507 0,014084507 0,014084507 0,014084507 0 0,014084507 0,014084507 0 0 0 0,014084507 0 0,014084507 0 0,014084507 0,014084507 0,014084507 0 0,014084507 0 0,014084507 0 0 0,014084507 0,014084507 0 0,014084507 0 0,014084507 0,014084507 0 0,014084507 0 0,014084507 0,014084507 0 0 0 0,014084507 0 0,014084507 0 0,014084507 0 0,014084507 0 0,014084507 0 0,014084507 0,014084507 0,014084507 0 0,014084507 0 0,014084507 0,014084507 0,014084507 0,014084507 0,014084507
#0,014084507 0 0 0 0,014084507 0,014084507 0 0,014084507 0,014084507 0 0 0,014084507 0 0 0,014084507 0 0,014084507 0,014084507 0 0 0 0,014084507 0,014084507 0,014084507 0,014084507 0 0 0,014084507 0,014084507 0 0 0,323943662 0 0,014084507 0 0 0,014084507 0,014084507 0 0,014084507 0 0 0 0 0,014084507 0,014084507 0 0,014084507 0,014084507 0,014084507 0,014084507 0 0 0,014084507 0 0,014084507 0,014084507 0 0 0 0,014084507 0,014084507 0 0 0,014084507 0,014084507 0 0,014084507 0,014084507 0 0 0,014084507 0 0 0,014084507 0,014084507 0,014084507 0,014084507 0,014084507 0 0 0 0,014084507 0 0,014084507 0 0 0,014084507 0 0,014084507 0,014084507 0 0 0 0,014084507 0,014084507 0 0 0 0
#0,014084507 0,014084507 0,014084507 0,014084507 0,014084507 0,014084507 0,014084507 0,014084507 0,014084507 0 0,014084507 0 0,014084507 0,014084507 0,014084507 0 0 0,014084507 0 0,014084507 0 0,014084507 0,014084507 0 0 0,014084507 0 0,014084507 0,014084507 0,014084507 0 0 0,112676056 0,014084507 0,014084507 0,014084507 0,014084507 0 0,014084507 0,014084507 0 0,014084507 0 0 0,014084507 0,014084507 0 0,014084507 0 0 0 0,014084507 0,014084507 0,014084507 0 0 0,014084507 0 0,014084507 0 0,014084507 0,014084507 0,014084507 0,014084507 0,014084507 0,014084507 0,014084507 0,014084507 0,014084507 0 0,014084507 0 0,014084507 0,014084507 0,014084507 0,014084507 0 0 0 0,014084507 0,014084507 0,014084507 0 0,014084507 0 0,014084507 0,014084507 0,014084507 0 0 0,014084507 0 0,014084507 0 0,014084507 0,014084507 0 0,014084507 0 0
#0 0,014084507 0,014084507 0 0,014084507 0 0 0,014084507 0 0 0 0,014084507 0 0 0 0 0 0 0 0,014084507 0,014084507 0,014084507 0,014084507 0,014084507 0,014084507 0 0,014084507 0,014084507 0 0,014084507 0 0,014084507 0 0,422535211 0 0,014084507 0 0 0,014084507 0 0 0,014084507 0 0,014084507 0 0,014084507 0 0,014084507 0 0 0,014084507 0 0 0 0 0 0 0 0,014084507 0,014084507 0,014084507 0,014084507 0,014084507 0 0,014084507 0 0 0,014084507 0 0 0 0,014084507 0 0 0 0,014084507 0 0 0,014084507 0 0 0 0,014084507 0 0,014084507 0 0 0 0 0 0 0 0,014084507 0,014084507 0,014084507 0,014084507 0 0,014084507 0 0,014084507
#0 0 0,014084507 0 0,014084507 0 0,014084507 0 0,014084507 0 0 0 0,014084507 0,014084507 0 0,014084507 0,014084507 0 0,014084507 0 0 0,014084507 0 0 0,014084507 0,014084507 0,014084507 0,014084507 0,014084507 0,014084507 0 0 0,014084507 0 0,253521127 0,014084507 0 0,014084507 0 0 0,014084507 0 0,014084507 0,014084507 0 0,014084507 0,014084507 0,014084507 0,014084507 0 0 0,014084507 0,014084507 0 0,014084507 0,014084507 0 0,014084507 0 0 0,014084507 0 0,014084507 0 0,014084507 0 0,014084507 0 0,014084507 0 0 0 0,014084507 0,014084507 0 0,014084507 0,014084507 0 0 0,014084507 0,014084507 0 0 0,014084507 0 0,014084507 0,014084507 0 0,014084507 0,014084507 0 0,014084507 0 0 0,014084507 0 0,014084507 0 0,014084507 0,014084507
#0 0 0 0 0 0,014084507 0 0,014084507 0 0 0,014084507 0 0,014084507 0,014084507 0,014084507 0,014084507 0 0,014084507 0 0,014084507 0 0,014084507 0 0,014084507 0,014084507 0,014084507 0,014084507 0 0 0,014084507 0,014084507 0,014084507 0,014084507 0 0 0,309859155 0,014084507 0 0 0 0,014084507 0 0 0 0,014084507 0 0 0 0,014084507 0 0 0,014084507 0,014084507 0,014084507 0,014084507 0 0,014084507 0 0,014084507 0 0,014084507 0 0 0 0 0,014084507 0 0,014084507 0 0 0,014084507 0 0,014084507 0,014084507 0,014084507 0 0,014084507 0 0 0,014084507 0,014084507 0,014084507 0 0,014084507 0 0,014084507 0,014084507 0,014084507 0,014084507 0 0,014084507 0 0,014084507 0 0,014084507 0 0,014084507 0 0 0
#0 0 0,014084507 0 0,014084507 0 0,014084507 0 0 0 0,014084507 0 0 0 0,014084507 0,014084507 0 0,014084507 0,014084507 0,014084507 0,014084507 0,014084507 0,014084507 0,014084507 0 0 0 0,014084507 0,014084507 0 0 0,014084507 0 0,014084507 0,014084507 0 0,281690141 0 0 0,014084507 0,014084507 0,014084507 0,014084507 0,014084507 0 0,014084507 0 0 0 0 0 0 0 0,014084507 0,014084507 0 0,014084507 0,014084507 0,014084507 0,014084507 0,014084507 0,014084507 0,014084507 0 0,014084507 0 0,014084507 0 0 0 0,014084507 0 0 0 0,014084507 0 0 0 0 0 0 0,014084507 0 0 0 0 0 0,014084507 0,014084507 0 0,014084507 0,014084507 0,014084507 0,014084507 0,014084507 0,014084507 0,014084507 0,014084507 0,014084507 0,014084507
#0,014084507 0,014084507 0,014084507 0 0,014084507 0,014084507 0 0,014084507 0,014084507 0 0,014084507 0,014084507 0,014084507 0,014084507 0 0,014084507 0 0 0 0,014084507 0,014084507 0,014084507 0,014084507 0,014084507 0 0 0 0 0,014084507 0,014084507 0 0,014084507 0,014084507 0,014084507 0 0,014084507 0,014084507 0,070422535 0,014084507 0,014084507 0 0 0,014084507 0 0 0,014084507 0,014084507 0 0,014084507 0,014084507 0,014084507 0,014084507 0,014084507 0 0,014084507 0 0 0 0,014084507 0,014084507 0,014084507 0,014084507 0,014084507 0 0,014084507 0,014084507 0 0,014084507 0,014084507 0 0,014084507 0,014084507 0,014084507 0,014084507 0 0 0,014084507 0,014084507 0,014084507 0,014084507 0,014084507 0,014084507 0,014084507 0,014084507 0,014084507 0,014084507 0,014084507 0 0,014084507 0 0 0 0,014084507 0,014084507 0,014084507 0,014084507 0 0 0,014084507 0
#0 0 0 0,014084507 0 0 0,014084507 0,014084507 0 0 0,014084507 0 0,014084507 0,014084507 0,014084507 0 0,014084507 0,014084507 0 0,014084507 0,014084507 0,014084507 0,014084507 0 0,014084507 0 0,014084507 0 0 0 0,014084507 0 0 0,014084507 0,014084507 0 0 0 0,225352113 0,014084507 0 0 0,014084507 0,014084507 0 0,014084507 0,014084507 0 0 0 0 0,014084507 0,014084507 0,014084507 0 0,014084507 0,014084507 0 0,014084507 0,014084507 0,014084507 0,014084507 0 0,014084507 0 0 0,014084507 0,014084507 0 0 0,014084507 0 0,014084507 0,014084507 0,014084507 0 0 0 0 0,014084507 0,014084507 0,014084507 0 0,014084507 0 0,014084507 0,014084507 0,014084507 0 0,014084507 0,014084507 0 0,014084507 0,014084507 0,014084507 0,014084507 0 0 0,014084507 0,014084507
#0,014084507 0,014084507 0,014084507 0,014084507 0,014084507 0,014084507 0,014084507 0,014084507 0,014084507 0 0 0,014084507 0 0,014084507 0,014084507 0 0 0,014084507 0,014084507 0 0,014084507 0,014084507 0 0,014084507 0 0,014084507 0,014084507 0,014084507 0,014084507 0,014084507 0,014084507 0,014084507 0,014084507 0 0 0 0,014084507 0 0 0,070422535 0,014084507 0 0,014084507 0,014084507 0,014084507 0,014084507 0 0,014084507 0,014084507 0 0,014084507 0 0,014084507 0,014084507 0 0 0,014084507 0,014084507 0 0,014084507 0,014084507 0 0,014084507 0,014084507 0,014084507 0,014084507 0,014084507 0,014084507 0,014084507 0 0 0,014084507 0 0,014084507 0,014084507 0,014084507 0,014084507 0 0,014084507 0 0,014084507 0 0,014084507 0 0,014084507 0 0,014084507 0,014084507 0 0 0,014084507 0,014084507 0 0,014084507 0,014084507 0 0,014084507 0 0,014084507 0,014084507
#0,014084507 0,014084507 0 0 0,014084507 0 0,014084507 0 0 0 0,014084507 0,014084507 0 0,014084507 0,014084507 0,014084507 0,014084507 0,014084507 0,014084507 0,014084507 0 0,014084507 0 0 0,014084507 0 0,014084507 0 0 0 0,014084507 0,014084507 0,014084507 0,014084507 0,014084507 0 0,014084507 0,014084507 0,014084507 0 0,098591549 0 0 0,014084507 0,014084507 0 0,014084507 0,014084507 0,014084507 0,014084507 0,014084507 0 0,014084507 0,014084507 0,014084507 0,014084507 0,014084507 0,014084507 0,014084507 0 0,014084507 0 0 0 0,014084507 0 0,014084507 0 0 0 0,014084507 0,014084507 0 0,014084507 0,014084507 0,014084507 0,014084507 0,014084507 0,014084507 0 0,014084507 0,014084507 0,014084507 0 0,014084507 0 0,014084507 0,014084507 0,014084507 0,014084507 0,014084507 0,014084507 0,014084507 0 0,014084507 0 0,014084507 0 0 0,014084507
#0 0 0,014084507 0 0,014084507 0 0,014084507 0,014084507 0,014084507 0 0 0,014084507 0,014084507 0 0 0 0 0 0,014084507 0,014084507 0 0,014084507 0 0 0 0,014084507 0,014084507 0 0,014084507 0,014084507 0,014084507 0 0 0,014084507 0 0,014084507 0,014084507 0,014084507 0,014084507 0,014084507 0,014084507 0,267605634 0 0 0 0,014084507 0,014084507 0,014084507 0,014084507 0,014084507 0,014084507 0,014084507 0 0 0 0 0 0,014084507 0,014084507 0 0,014084507 0 0,014084507 0 0,014084507 0 0,014084507 0,014084507 0,014084507 0 0 0,014084507 0,014084507 0 0 0,014084507 0,014084507 0,014084507 0,014084507 0,014084507 0 0 0,014084507 0,014084507 0,014084507 0,014084507 0 0 0 0 0 0,014084507 0,014084507 0 0,014084507 0 0,014084507 0 0 0
#0 0 0 0 0 0,014084507 0,014084507 0 0 0,014084507 0 0,014084507 0,014084507 0 0,014084507 0 0 0 0 0 0,014084507 0,014084507 0 0 0 0 0,014084507 0 0,014084507 0 0,014084507 0,014084507 0,014084507 0 0,014084507 0 0 0 0 0,014084507 0 0,014084507 0,38028169 0,014084507 0 0 0,014084507 0,014084507 0,014084507 0 0,014084507 0,014084507 0 0,014084507 0 0 0 0 0 0,014084507 0,014084507 0 0 0 0 0,014084507 0,014084507 0 0 0,014084507 0 0,014084507 0,014084507 0 0,014084507 0,014084507 0,014084507 0 0,014084507 0,014084507 0 0 0,014084507 0,014084507 0,014084507 0,014084507 0 0,014084507 0 0 0 0 0 0,014084507 0,014084507 0 0 0,014084507 0 0,014084507
#0,014084507 0 0 0,014084507 0 0,014084507 0 0,014084507 0 0 0,014084507 0 0 0 0 0 0 0 0 0,014084507 0 0,014084507 0,014084507 0,014084507 0,014084507 0 0,014084507 0 0 0 0,014084507 0,014084507 0,014084507 0 0 0,014084507 0,014084507 0 0 0 0,014084507 0 0,014084507 0,521126761 0 0 0,014084507 0 0 0 0 0 0 0 0 0 0 0 0,014084507 0 0,014084507 0,014084507 0 0,014084507 0 0,014084507 0 0,014084507 0 0 0,014084507 0 0 0 0 0 0 0 0 0 0 0,014084507 0 0 0 0 0 0 0 0 0 0 0,014084507 0 0,014084507 0,014084507 0,014084507 0 0,014084507 0,014084507
#0,014084507 0 0,014084507 0,014084507 0,014084507 0,014084507 0 0,014084507 0 0,014084507 0,014084507 0,014084507 0,014084507 0,014084507 0,014084507 0 0,014084507 0 0 0 0 0,014084507 0,014084507 0 0 0 0,014084507 0 0,014084507 0 0 0,014084507 0 0,014084507 0,014084507 0,014084507 0 0 0 0,014084507 0 0,014084507 0 0 0,197183099 0,014084507 0,014084507 0 0 0 0,014084507 0,014084507 0,014084507 0,014084507 0 0,014084507 0 0 0 0 0,014084507 0,014084507 0,014084507 0,014084507 0,014084507 0,014084507 0 0,014084507 0 0,014084507 0,014084507 0,014084507 0,014084507 0,014084507 0,014084507 0 0 0 0,014084507 0,014084507 0,014084507 0,014084507 0,014084507 0,014084507 0,014084507 0,014084507 0,014084507 0,014084507 0 0,014084507 0 0 0 0 0,014084507 0,014084507 0 0,014084507 0 0
#0,014084507 0,014084507 0,014084507 0 0,014084507 0 0,014084507 0,014084507 0,014084507 0 0,014084507 0 0,014084507 0 0 0 0,014084507 0 0,014084507 0 0,014084507 0,014084507 0,014084507 0,014084507 0,014084507 0,014084507 0 0,014084507 0,014084507 0 0 0,014084507 0 0,014084507 0,014084507 0,014084507 0,014084507 0 0,014084507 0 0 0,014084507 0 0,014084507 0,014084507 0,197183099 0,014084507 0,014084507 0 0,014084507 0 0,014084507 0 0 0 0,014084507 0 0,014084507 0 0,014084507 0,014084507 0,014084507 0,014084507 0 0,014084507 0 0,014084507 0,014084507 0,014084507 0 0,014084507 0 0,014084507 0 0 0,014084507 0 0,014084507 0 0,014084507 0 0,014084507 0 0,014084507 0 0,014084507 0 0 0 0,014084507 0 0,014084507 0 0,014084507 0,014084507 0,014084507 0 0,014084507 0 0,014084507
#0 0 0,014084507 0 0 0 0 0,014084507 0 0 0,014084507 0,014084507 0,014084507 0,014084507 0 0,014084507 0,014084507 0 0,014084507 0 0 0,014084507 0 0,014084507 0 0,014084507 0 0,014084507 0,014084507 0,014084507 0 0 0,014084507 0 0 0,014084507 0,014084507 0 0 0,014084507 0 0 0 0 0,014084507 0 0,309859155 0,014084507 0 0 0,014084507 0,014084507 0,014084507 0 0,014084507 0,014084507 0 0,014084507 0 0 0,014084507 0 0,014084507 0 0 0 0 0,014084507 0 0 0,014084507 0,014084507 0,014084507 0,014084507 0 0,014084507 0 0 0,014084507 0,014084507 0,014084507 0,014084507 0,014084507 0,014084507 0,014084507 0,014084507 0,014084507 0 0,014084507 0,014084507 0 0,014084507 0 0 0,014084507 0 0 0 0 0
#0 0,014084507 0 0 0 0,014084507 0 0 0,014084507 0 0,014084507 0,014084507 0,014084507 0,014084507 0,014084507 0 0,014084507 0 0 0 0,014084507 0,014084507 0,014084507 0,014084507 0 0 0 0,014084507 0 0,014084507 0,014084507 0 0,014084507 0 0,014084507 0,014084507 0,014084507 0,014084507 0,014084507 0,014084507 0,014084507 0,014084507 0 0 0 0 0 0,183098592 0 0,014084507 0,014084507 0,014084507 0,014084507 0,014084507 0 0,014084507 0 0 0 0,014084507 0,014084507 0,014084507 0 0 0 0,014084507 0 0 0,014084507 0 0,014084507 0,014084507 0,014084507 0,014084507 0,014084507 0 0 0,014084507 0,014084507 0,014084507 0,014084507 0,014084507 0,014084507 0,014084507 0,014084507 0,014084507 0,014084507 0,014084507 0 0,014084507 0 0 0 0,014084507 0,014084507 0,014084507 0,014084507 0,014084507 0 0
#0 0 0 0 0 0 0,014084507 0 0,014084507 0,014084507 0 0,014084507 0,014084507 0,014084507 0,014084507 0 0 0,014084507 0 0,014084507 0,014084507 0,014084507 0,014084507 0,014084507 0,014084507 0,014084507 0,014084507 0,014084507 0,014084507 0,014084507 0 0 0 0 0,014084507 0 0,014084507 0 0 0 0 0,014084507 0 0 0 0,014084507 0 0 0,23943662 0 0,014084507 0,014084507 0,014084507 0,014084507 0 0 0,014084507 0 0,014084507 0,014084507 0,014084507 0,014084507 0 0 0 0 0,014084507 0 0,014084507 0,014084507 0 0,014084507 0,014084507 0,014084507 0,014084507 0 0 0 0,014084507 0,014084507 0,014084507 0 0,014084507 0,014084507 0,014084507 0,014084507 0,014084507 0,014084507 0 0 0,014084507 0 0,014084507 0,014084507 0,014084507 0,014084507 0 0,014084507 0 0
#0 0 0,014084507 0 0,014084507 0,014084507 0,014084507 0 0 0,014084507 0 0 0,014084507 0,014084507 0 0,014084507 0 0,014084507 0 0 0 0 0 0 0,014084507 0 0,014084507 0 0 0,014084507 0 0,014084507 0 0,014084507 0,014084507 0 0,014084507 0 0,014084507 0 0,014084507 0,014084507 0 0 0,014084507 0,014084507 0,014084507 0,014084507 0,014084507 0,352112676 0 0,014084507 0,014084507 0 0,014084507 0 0,014084507 0 0 0 0 0 0,014084507 0 0,014084507 0,014084507 0,014084507 0 0 0,014084507 0 0 0,014084507 0,014084507 0 0,014084507 0,014084507 0 0 0,014084507 0,014084507 0 0 0,014084507 0 0,014084507 0,014084507 0 0,014084507 0 0,014084507 0 0 0 0 0 0,014084507 0,014084507 0 0
#0,014084507 0 0 0,014084507 0,014084507 0,014084507 0 0 0 0 0 0,014084507 0,014084507 0,014084507 0,014084507 0,014084507 0 0,014084507 0 0,014084507 0,014084507 0 0 0,014084507 0,014084507 0 0 0 0 0,014084507 0,014084507 0 0 0 0 0,014084507 0,014084507 0 0 0 0 0 0,014084507 0,014084507 0,014084507 0 0,014084507 0 0,014084507 0,014084507 0,211267606 0,014084507 0,014084507 0,014084507 0,014084507 0 0,014084507 0 0,014084507 0,014084507 0 0 0 0,014084507 0,014084507 0,014084507 0 0 0 0 0 0,014084507 0,014084507 0,014084507 0,014084507 0 0,014084507 0,014084507 0,014084507 0,014084507 0,014084507 0 0,014084507 0,014084507 0,014084507 0,014084507 0,014084507 0,014084507 0,014084507 0 0,014084507 0 0,014084507 0,014084507 0 0 0 0 0,014084507 0,014084507
#0,014084507 0,014084507 0 0,014084507 0 0,014084507 0 0,014084507 0,014084507 0,014084507 0 0,014084507 0 0 0 0 0,014084507 0 0,014084507 0 0 0 0,014084507 0,014084507 0,014084507 0 0,014084507 0 0 0 0 0,014084507 0 0,014084507 0 0 0 0 0 0 0,014084507 0 0,014084507 0 0,014084507 0 0 0 0,014084507 0,014084507 0,014084507 0,422535211 0 0 0 0,014084507 0 0,014084507 0 0 0 0,014084507 0 0,014084507 0 0,014084507 0 0,014084507 0,014084507 0,014084507 0 0,014084507 0 0 0 0 0,014084507 0,014084507 0,014084507 0 0 0 0,014084507 0 0,014084507 0 0 0 0 0,014084507 0 0,014084507 0 0 0 0,014084507 0,014084507 0 0,014084507 0
#0 0 0 0 0,014084507 0,014084507 0,014084507 0,014084507 0 0 0 0 0 0 0,014084507 0 0,014084507 0 0,014084507 0 0,014084507 0,014084507 0 0 0 0,014084507 0 0 0 0 0 0,014084507 0 0 0 0,014084507 0 0,014084507 0,014084507 0 0,014084507 0 0,014084507 0 0,014084507 0,014084507 0 0 0 0 0 0 0,507042254 0,014084507 0 0,014084507 0 0,014084507 0 0,014084507 0,014084507 0 0 0 0,014084507 0,014084507 0,014084507 0,014084507 0 0 0 0 0 0 0,014084507 0 0 0 0 0 0 0 0 0 0 0 0 0,014084507 0 0,014084507 0 0,014084507 0 0,014084507 0,014084507 0 0,014084507 0 0,014084507 0
#0 0,014084507 0 0 0 0 0,014084507 0 0 0,014084507 0,014084507 0 0,014084507 0 0,014084507 0,014084507 0 0,014084507 0,014084507 0 0,014084507 0 0,014084507 0,014084507 0 0 0,014084507 0 0,014084507 0,014084507 0,014084507 0,014084507 0 0 0,014084507 0,014084507 0,014084507 0,014084507 0,014084507 0,014084507 0,014084507 0 0 0 0 0 0,014084507 0,014084507 0,014084507 0 0 0,014084507 0 0,267605634 0,014084507 0 0,014084507 0,014084507 0 0,014084507 0 0,014084507 0 0 0 0 0,014084507 0 0 0,014084507 0,014084507 0 0,014084507 0 0,014084507 0,014084507 0,014084507 0 0 0,014084507 0 0,014084507 0 0,014084507 0 0,014084507 0 0,014084507 0,014084507 0 0,014084507 0,014084507 0 0,014084507 0 0,014084507 0,014084507 0 0 0
#0 0,014084507 0,014084507 0 0 0,014084507 0,014084507 0 0,014084507 0,014084507 0,014084507 0,014084507 0,014084507 0 0,014084507 0,014084507 0,014084507 0,014084507 0,014084507 0,014084507 0 0 0 0 0,014084507 0,014084507 0 0 0,014084507 0 0,014084507 0 0 0 0 0 0 0,014084507 0 0 0 0,014084507 0 0 0,014084507 0,014084507 0 0 0 0 0,014084507 0,014084507 0 0,014084507 0,23943662 0,014084507 0,014084507 0,014084507 0,014084507 0 0 0 0,014084507 0 0 0,014084507 0,014084507 0 0,014084507 0,014084507 0,014084507 0,014084507 0,014084507 0 0,014084507 0 0 0 0,014084507 0,014084507 0 0,014084507 0,014084507 0,014084507 0,014084507 0,014084507 0 0,014084507 0,014084507 0,014084507 0,014084507 0,014084507 0,014084507 0 0 0 0 0,014084507 0 0
#0 0 0 0,014084507 0,014084507 0 0,014084507 0 0,014084507 0,014084507 0,014084507 0 0,014084507 0 0 0,014084507 0 0,014084507 0,014084507 0,014084507 0 0 0,014084507 0,014084507 0,014084507 0 0 0 0,014084507 0,014084507 0 0 0 0 0,014084507 0 0,014084507 0 0 0 0,014084507 0,014084507 0 0 0,014084507 0 0 0,014084507 0 0 0 0,014084507 0 0 0,014084507 0,338028169 0,014084507 0,014084507 0,014084507 0 0 0,014084507 0 0,014084507 0,014084507 0 0,014084507 0 0,014084507 0,014084507 0,014084507 0 0,014084507 0 0 0,014084507 0 0 0 0,014084507 0 0,014084507 0 0,014084507 0 0,014084507 0 0 0,014084507 0 0,014084507 0,014084507 0,014084507 0 0 0,014084507 0,014084507 0,014084507 0 0
#0,014084507 0,014084507 0 0 0 0,014084507 0,014084507 0,014084507 0,014084507 0 0,014084507 0 0 0,014084507 0,014084507 0,014084507 0 0 0 0 0 0,014084507 0,014084507 0 0 0 0,014084507 0,014084507 0,014084507 0 0,014084507 0 0,014084507 0,014084507 0 0,014084507 0,014084507 0 0 0 0 0 0 0,014084507 0 0,014084507 0,014084507 0,014084507 0,014084507 0 0 0 0,014084507 0,014084507 0,014084507 0 0,338028169 0 0 0 0,014084507 0,014084507 0 0 0 0,014084507 0,014084507 0,014084507 0,014084507 0 0,014084507 0 0 0,014084507 0,014084507 0,014084507 0,014084507 0 0 0 0,014084507 0,014084507 0 0 0 0 0,014084507 0,014084507 0,014084507 0 0 0 0 0 0,014084507 0,014084507 0 0 0 0,014084507
#0 0,014084507 0 0,014084507 0 0 0,014084507 0 0,014084507 0 0,014084507 0 0,014084507 0 0,014084507 0,014084507 0 0 0 0,014084507 0 0 0 0,014084507 0 0,014084507 0,014084507 0,014084507 0 0,014084507 0,014084507 0,014084507 0 0,014084507 0 0,014084507 0,014084507 0 0,014084507 0,014084507 0 0,014084507 0,014084507 0,014084507 0,014084507 0 0,014084507 0,014084507 0,014084507 0 0 0,014084507 0 0,014084507 0,014084507 0 0 0,295774648 0,014084507 0 0 0 0 0,014084507 0 0 0,014084507 0 0,014084507 0 0,014084507 0 0,014084507 0 0,014084507 0,014084507 0,014084507 0 0 0,014084507 0 0,014084507 0 0,014084507 0 0,014084507 0 0,014084507 0,014084507 0 0 0 0,014084507 0 0 0 0 0,014084507 0,014084507 0,014084507
#0 0 0 0,014084507 0 0,014084507 0 0 0,014084507 0,014084507 0 0,014084507 0,014084507 0,014084507 0,014084507 0,014084507 0 0,014084507 0,014084507 0,014084507 0 0,014084507 0 0,014084507 0 0 0,014084507 0,014084507 0 0,014084507 0 0 0 0 0,014084507 0 0 0,014084507 0 0,014084507 0 0 0 0,014084507 0,014084507 0 0,014084507 0,014084507 0 0,014084507 0,014084507 0,014084507 0,014084507 0,014084507 0,014084507 0 0,014084507 0,014084507 0,169014085 0 0,014084507 0 0 0,014084507 0 0,014084507 0 0 0,014084507 0,014084507 0 0,014084507 0,014084507 0,014084507 0,014084507 0,014084507 0 0,014084507 0,014084507 0,014084507 0,014084507 0 0,014084507 0,014084507 0,014084507 0,014084507 0,014084507 0,014084507 0,014084507 0 0,014084507 0,014084507 0,014084507 0 0,014084507 0 0 0 0 0,014084507
#0 0 0,014084507 0 0,014084507 0,014084507 0,014084507 0,014084507 0 0 0 0 0,014084507 0 0,014084507 0,014084507 0,014084507 0 0 0,014084507 0,014084507 0,014084507 0,014084507 0,014084507 0,014084507 0 0 0 0 0,014084507 0,014084507 0,014084507 0,014084507 0 0 0,014084507 0,014084507 0,014084507 0 0,014084507 0,014084507 0 0 0,014084507 0,014084507 0 0 0,014084507 0,014084507 0,014084507 0 0,014084507 0 0,014084507 0,014084507 0,014084507 0 0 0,014084507 0,169014085 0,014084507 0,014084507 0,014084507 0 0,014084507 0,014084507 0,014084507 0,014084507 0 0 0 0 0,014084507 0 0,014084507 0,014084507 0,014084507 0,014084507 0 0,014084507 0 0 0 0,014084507 0 0,014084507 0 0,014084507 0,014084507 0,014084507 0 0 0,014084507 0,014084507 0,014084507 0,014084507 0,014084507 0 0 0,014084507
#0 0 0,014084507 0,014084507 0 0,014084507 0 0 0,014084507 0,014084507 0 0 0 0 0,014084507 0 0 0,014084507 0,014084507 0,014084507 0 0,014084507 0 0 0,014084507 0 0 0,014084507 0 0,014084507 0,014084507 0,014084507 0 0,014084507 0 0,014084507 0,014084507 0 0,014084507 0 0,014084507 0,014084507 0 0 0,014084507 0 0,014084507 0 0,014084507 0 0 0 0 0,014084507 0 0 0,014084507 0,014084507 0,014084507 0 0,394366197 0 0,014084507 0,014084507 0 0,014084507 0 0 0,014084507 0,014084507 0 0 0 0 0,014084507 0 0,014084507 0 0 0 0 0 0 0 0 0 0 0,014084507 0 0 0,014084507 0,014084507 0,014084507 0 0,014084507 0 0,014084507 0,014084507 0 0
#0,014084507 0,014084507 0,014084507 0 0 0 0,014084507 0 0,014084507 0,014084507 0,014084507 0,014084507 0,014084507 0,014084507 0 0 0 0 0,014084507 0,014084507 0 0 0,014084507 0 0,014084507 0 0 0 0,014084507 0 0,014084507 0,014084507 0 0 0 0,014084507 0 0,014084507 0,014084507 0 0,014084507 0 0 0 0 0,014084507 0 0,014084507 0,014084507 0 0,014084507 0,014084507 0,014084507 0 0 0 0 0,014084507 0,014084507 0 0 0,253521127 0,014084507 0 0 0 0,014084507 0 0,014084507 0,014084507 0,014084507 0,014084507 0,014084507 0,014084507 0 0,014084507 0,014084507 0 0,014084507 0,014084507 0,014084507 0,014084507 0,014084507 0,014084507 0,014084507 0,014084507 0,014084507 0 0 0 0 0,014084507 0,014084507 0 0 0,014084507 0,014084507 0 0 0
#0 0,014084507 0 0 0,014084507 0,014084507 0 0 0,014084507 0,014084507 0 0 0 0,014084507 0 0,014084507 0 0,014084507 0 0 0 0 0 0,014084507 0,014084507 0 0,014084507 0 0,014084507 0,014084507 0 0 0 0,014084507 0 0,014084507 0 0 0,014084507 0,014084507 0 0 0,014084507 0,014084507 0,014084507 0,014084507 0 0,014084507 0 0 0 0 0,014084507 0 0,014084507 0 0,014084507 0 0 0 0 0 0,478873239 0 0,014084507 0,014084507 0 0 0,014084507 0,014084507 0 0 0 0,014084507 0 0,014084507 0 0 0 0 0,014084507 0 0 0 0 0 0,014084507 0 0,014084507 0 0,014084507 0 0 0 0 0 0 0 0,014084507 0,014084507
#0,014084507 0,014084507 0 0,014084507 0,014084507 0,014084507 0,014084507 0,014084507 0,014084507 0 0,014084507 0,014084507 0 0,014084507 0,014084507 0 0 0,014084507 0 0 0 0 0 0 0,014084507 0 0 0,014084507 0 0,014084507 0 0 0 0 0 0,014084507 0 0 0 0,014084507 0 0,014084507 0,014084507 0,014084507 0,014084507 0,014084507 0,014084507 0 0,014084507 0 0,014084507 0 0,014084507 0,014084507 0 0 0,014084507 0 0 0 0 0 0 0,281690141 0,014084507 0,014084507 0,014084507 0,014084507 0,014084507 0 0,014084507 0,014084507 0 0,014084507 0,014084507 0 0,014084507 0 0,014084507 0 0,014084507 0,014084507 0,014084507 0 0,014084507 0 0,014084507 0,014084507 0 0 0,014084507 0 0 0 0 0 0 0,014084507 0,014084507 0,014084507
#0 0,014084507 0 0 0,014084507 0 0,014084507 0,014084507 0 0 0,014084507 0,014084507 0 0,014084507 0 0,014084507 0,014084507 0,014084507 0,014084507 0,014084507 0 0,014084507 0,014084507 0 0,014084507 0 0,014084507 0,014084507 0,014084507 0,014084507 0 0,014084507 0,014084507 0,014084507 0 0 0 0 0,014084507 0 0 0 0 0,014084507 0,014084507 0,014084507 0,014084507 0 0,014084507 0,014084507 0,014084507 0 0,014084507 0 0,014084507 0,014084507 0,014084507 0,014084507 0,014084507 0 0,014084507 0,014084507 0 0 0,154929577 0 0,014084507 0,014084507 0 0 0,014084507 0,014084507 0 0,014084507 0 0 0,014084507 0,014084507 0,014084507 0 0,014084507 0,014084507 0,014084507 0 0,014084507 0 0,014084507 0 0,014084507 0,014084507 0,014084507 0,014084507 0,014084507 0 0,014084507 0,014084507 0 0 0 0,014084507
#0 0,014084507 0,014084507 0 0 0 0 0 0,014084507 0,014084507 0 0 0,014084507 0,014084507 0 0,014084507 0,014084507 0,014084507 0 0 0,014084507 0 0 0 0,014084507 0,014084507 0,014084507 0 0 0 0 0 0 0,014084507 0,014084507 0 0,014084507 0 0,014084507 0 0,014084507 0,014084507 0 0 0 0,014084507 0,014084507 0,014084507 0,014084507 0,014084507 0 0,014084507 0,014084507 0 0,014084507 0,014084507 0,014084507 0 0 0,014084507 0 0 0,014084507 0 0 0,309859155 0 0 0,014084507 0,014084507 0 0 0,014084507 0,014084507 0 0,014084507 0,014084507 0,014084507 0 0,014084507 0,014084507 0 0 0,014084507 0 0,014084507 0,014084507 0 0,014084507 0,014084507 0,014084507 0 0 0,014084507 0 0 0,014084507 0,014084507 0 0
#0 0,014084507 0,014084507 0 0,014084507 0 0 0,014084507 0,014084507 0,014084507 0 0 0,014084507 0,014084507 0 0 0 0,014084507 0 0 0 0,014084507 0,014084507 0,014084507 0 0 0,014084507 0 0,014084507 0,014084507 0 0,014084507 0 0,014084507 0 0 0,014084507 0 0 0 0,014084507 0 0,014084507 0 0 0 0 0,014084507 0 0 0 0,014084507 0,014084507 0 0 0 0,014084507 0 0 0 0,014084507 0,014084507 0,014084507 0 0,014084507 0 0,38028169 0,014084507 0,014084507 0,014084507 0 0 0,014084507 0,014084507 0 0,014084507 0 0 0 0,014084507 0,014084507 0 0 0,014084507 0 0,014084507 0,014084507 0 0 0 0,014084507 0 0 0 0,014084507 0,014084507 0,014084507 0 0,014084507 0
#0 0,014084507 0,014084507 0 0 0 0,014084507 0 0 0,014084507 0,014084507 0 0 0,014084507 0,014084507 0,014084507 0 0,014084507 0 0 0,014084507 0,014084507 0 0,014084507 0 0 0 0,014084507 0 0,014084507 0 0,014084507 0 0 0 0 0,014084507 0 0,014084507 0 0 0 0,014084507 0,014084507 0,014084507 0 0 0 0 0,014084507 0 0 0,014084507 0,014084507 0,014084507 0 0,014084507 0 0 0,014084507 0,014084507 0 0,014084507 0 0 0 0,014084507 0,38028169 0 0,014084507 0,014084507 0 0 0,014084507 0,014084507 0 0 0,014084507 0 0 0,014084507 0,014084507 0 0 0 0 0,014084507 0,014084507 0,014084507 0 0,014084507 0 0 0,014084507 0,014084507 0 0 0 0,014084507 0,014084507
#0 0,014084507 0 0,014084507 0,014084507 0 0,014084507 0,014084507 0 0 0 0,014084507 0,014084507 0 0,014084507 0 0 0,014084507 0 0,014084507 0,014084507 0 0,014084507 0 0 0 0 0 0,014084507 0 0,014084507 0 0,014084507 0,014084507 0,014084507 0,014084507 0,014084507 0,014084507 0,014084507 0 0,014084507 0 0 0,014084507 0 0,014084507 0 0 0,014084507 0,014084507 0,014084507 0,014084507 0 0,014084507 0 0 0,014084507 0 0,014084507 0,014084507 0 0,014084507 0 0,014084507 0,014084507 0 0,014084507 0,014084507 0,225352113 0 0 0,014084507 0,014084507 0 0,014084507 0 0,014084507 0,014084507 0,014084507 0,014084507 0 0 0,014084507 0,014084507 0,014084507 0,014084507 0 0,014084507 0 0 0,014084507 0 0,014084507 0,014084507 0 0,014084507 0,014084507 0 0 0,014084507
#0,014084507 0,014084507 0 0 0 0,014084507 0,014084507 0,014084507 0 0,014084507 0,014084507 0,014084507 0 0 0 0,014084507 0,014084507 0 0,014084507 0 0,014084507 0 0 0,014084507 0,014084507 0,014084507 0 0 0,014084507 0,014084507 0 0,014084507 0,014084507 0,014084507 0 0 0 0 0 0 0 0,014084507 0 0 0,014084507 0,014084507 0,014084507 0 0,014084507 0 0,014084507 0 0 0 0,014084507 0,014084507 0 0,014084507 0 0,014084507 0 0 0 0 0 0,014084507 0,014084507 0,014084507 0 0,352112676 0,014084507 0,014084507 0 0 0 0 0,014084507 0 0,014084507 0 0 0,014084507 0,014084507 0 0,014084507 0 0 0 0,014084507 0,014084507 0 0,014084507 0 0,014084507 0 0 0 0,014084507 0 0
#0,014084507 0 0,014084507 0,014084507 0 0 0 0,014084507 0,014084507 0 0,014084507 0,014084507 0 0 0 0,014084507 0 0 0 0,014084507 0 0,014084507 0 0,014084507 0,014084507 0 0,014084507 0,014084507 0 0,014084507 0,014084507 0,014084507 0,014084507 0,014084507 0 0,014084507 0 0,014084507 0 0 0 0,014084507 0,014084507 0,014084507 0,014084507 0 0 0,014084507 0 0,014084507 0,014084507 0 0 0 0,014084507 0 0 0 0,014084507 0 0,014084507 0 0,014084507 0,014084507 0 0 0 0,014084507 0,014084507 0 0,309859155 0,014084507 0 0 0 0,014084507 0 0,014084507 0,014084507 0 0 0,014084507 0,014084507 0 0,014084507 0 0 0 0,014084507 0 0 0 0,014084507 0 0,014084507 0 0 0,014084507 0,014084507 0,014084507
#0 0 0,014084507 0,014084507 0 0,014084507 0,014084507 0,014084507 0 0 0 0 0 0 0,014084507 0 0,014084507 0 0,014084507 0 0 0 0,014084507 0,014084507 0 0,014084507 0 0 0,014084507 0 0,014084507 0 0,014084507 0,014084507 0 0 0 0 0,014084507 0 0 0 0 0,014084507 0,014084507 0 0 0 0 0,014084507 0 0 0 0,014084507 0 0,014084507 0 0,014084507 0 0 0 0,014084507 0,014084507 0,014084507 0 0,014084507 0,014084507 0,014084507 0 0 0 0,507042254 0 0 0,014084507 0 0 0,014084507 0 0 0 0 0 0 0 0 0 0,014084507 0 0,014084507 0 0,014084507 0 0 0 0,014084507 0 0 0 0,014084507
#0,014084507 0,014084507 0,014084507 0 0 0 0,014084507 0 0 0,014084507 0 0,014084507 0,014084507 0 0 0,014084507 0 0 0,014084507 0,014084507 0 0,014084507 0 0 0,014084507 0,014084507 0 0 0 0 0 0 0 0,014084507 0,014084507 0 0 0,014084507 0,014084507 0,014084507 0,014084507 0,014084507 0,014084507 0 0 0 0,014084507 0,014084507 0,014084507 0,014084507 0,014084507 0,014084507 0 0 0,014084507 0 0 0,014084507 0,014084507 0 0,014084507 0 0,014084507 0 0 0 0,014084507 0 0 0,014084507 0 0,014084507 0,267605634 0 0 0,014084507 0,014084507 0,014084507 0,014084507 0,014084507 0 0 0,014084507 0,014084507 0,014084507 0,014084507 0 0 0,014084507 0 0 0,014084507 0,014084507 0 0,014084507 0 0,014084507 0,014084507 0,014084507 0
#0 0 0,014084507 0 0 0 0 0,014084507 0,014084507 0 0,014084507 0 0 0,014084507 0,014084507 0 0,014084507 0,014084507 0,014084507 0,014084507 0 0,014084507 0,014084507 0,014084507 0 0 0,014084507 0,014084507 0 0 0 0,014084507 0 0,014084507 0 0,014084507 0,014084507 0 0 0,014084507 0,014084507 0,014084507 0 0 0 0 0,014084507 0 0 0,014084507 0 0 0,014084507 0,014084507 0 0,014084507 0,014084507 0,014084507 0,014084507 0 0,014084507 0,014084507 0,014084507 0 0 0 0 0,014084507 0,014084507 0 0,014084507 0 0 0,281690141 0,014084507 0 0 0,014084507 0 0 0,014084507 0,014084507 0 0 0 0 0,014084507 0,014084507 0 0,014084507 0,014084507 0,014084507 0,014084507 0 0,014084507 0,014084507 0,014084507 0,014084507 0 0
#0,014084507 0,014084507 0 0,014084507 0 0,014084507 0,014084507 0,014084507 0 0,014084507 0,014084507 0 0 0 0,014084507 0 0,014084507 0 0 0 0 0 0,014084507 0 0,014084507 0 0 0 0,014084507 0 0,014084507 0 0,014084507 0,014084507 0 0 0,014084507 0 0,014084507 0,014084507 0 0,014084507 0,014084507 0 0 0 0 0,014084507 0,014084507 0 0 0 0 0,014084507 0 0,014084507 0 0 0 0 0 0,014084507 0 0,014084507 0 0,014084507 0,014084507 0,014084507 0 0,014084507 0,014084507 0 0 0 0,422535211 0,014084507 0,014084507 0 0 0 0 0,014084507 0 0 0 0 0 0,014084507 0 0,014084507 0 0 0 0 0 0,014084507 0 0,014084507 0,014084507 0
#0 0 0 0 0,014084507 0 0 0 0,014084507 0,014084507 0 0 0 0 0,014084507 0,014084507 0,014084507 0,014084507 0,014084507 0 0 0,014084507 0,014084507 0 0,014084507 0,014084507 0,014084507 0,014084507 0 0,014084507 0 0,014084507 0,014084507 0 0 0,014084507 0 0,014084507 0,014084507 0,014084507 0 0 0,014084507 0,014084507 0 0,014084507 0 0,014084507 0,014084507 0 0 0 0 0,014084507 0,014084507 0,014084507 0,014084507 0,014084507 0 0 0,014084507 0,014084507 0 0 0,014084507 0 0 0 0,014084507 0,014084507 0 0 0 0 0,014084507 0,323943662 0,014084507 0 0 0 0 0 0 0 0 0 0 0,014084507 0,014084507 0,014084507 0,014084507 0,014084507 0 0 0,014084507 0,014084507 0 0 0,014084507 0,014084507
#0,014084507 0,014084507 0 0 0 0,014084507 0 0 0,014084507 0 0 0,014084507 0,014084507 0 0,014084507 0,014084507 0 0,014084507 0,014084507 0,014084507 0 0 0 0,014084507 0 0,014084507 0 0,014084507 0,014084507 0,014084507 0,014084507 0,014084507 0,014084507 0 0,014084507 0 0 0 0,014084507 0,014084507 0 0 0,014084507 0 0 0,014084507 0 0 0,014084507 0 0,014084507 0,014084507 0 0,014084507 0,014084507 0 0,014084507 0,014084507 0,014084507 0 0 0 0 0 0 0,014084507 0 0 0,014084507 0 0 0,014084507 0,014084507 0 0,014084507 0 0,295774648 0 0,014084507 0,014084507 0 0 0,014084507 0,014084507 0,014084507 0,014084507 0 0,014084507 0,014084507 0 0,014084507 0,014084507 0,014084507 0 0 0 0 0 0,014084507 0
#0 0 0,014084507 0 0,014084507 0,014084507 0 0,014084507 0,014084507 0 0,014084507 0 0 0,014084507 0 0 0 0,014084507 0,014084507 0,014084507 0 0 0 0,014084507 0 0 0,014084507 0 0 0 0 0 0 0,014084507 0 0,014084507 0 0 0,014084507 0,014084507 0,014084507 0,014084507 0 0,014084507 0,014084507 0,014084507 0,014084507 0,014084507 0,014084507 0 0 0 0,014084507 0 0 0 0,014084507 0,014084507 0,014084507 0 0 0 0,014084507 0 0,014084507 0,014084507 0 0,014084507 0,014084507 0 0,014084507 0 0 0,014084507 0 0,014084507 0,014084507 0,352112676 0 0 0,014084507 0,014084507 0 0 0 0 0,014084507 0 0 0 0,014084507 0,014084507 0,014084507 0 0 0 0,014084507 0,014084507 0 0,014084507
#0 0 0 0,014084507 0,014084507 0,014084507 0,014084507 0 0,014084507 0,014084507 0,014084507 0,014084507 0 0,014084507 0,014084507 0,014084507 0 0,014084507 0 0,014084507 0,014084507 0,014084507 0 0 0 0 0,014084507 0,014084507 0 0 0,014084507 0,014084507 0 0,014084507 0,014084507 0,014084507 0,014084507 0,014084507 0,014084507 0,014084507 0,014084507 0 0,014084507 0 0 0,014084507 0,014084507 0,014084507 0 0 0,014084507 0 0,014084507 0,014084507 0,014084507 0 0,014084507 0 0,014084507 0,014084507 0,014084507 0 0 0,014084507 0,014084507 0,014084507 0,014084507 0 0,014084507 0,014084507 0,014084507 0,014084507 0 0,014084507 0,014084507 0,014084507 0 0 0,098591549 0 0,014084507 0,014084507 0,014084507 0 0,014084507 0 0,014084507 0,014084507 0,014084507 0 0,014084507 0 0,014084507 0,014084507 0,014084507 0 0,014084507 0 0,014084507 0
#0,014084507 0,014084507 0 0,014084507 0,014084507 0,014084507 0,014084507 0,014084507 0,014084507 0 0 0 0,014084507 0,014084507 0,014084507 0 0,014084507 0 0,014084507 0 0,014084507 0 0,014084507 0 0,014084507 0,014084507 0,014084507 0,014084507 0 0,014084507 0 0,014084507 0 0,014084507 0,014084507 0,014084507 0,014084507 0,014084507 0 0 0 0,014084507 0,014084507 0,014084507 0 0 0 0 0,014084507 0 0 0,014084507 0,014084507 0,014084507 0 0,014084507 0 0,014084507 0 0,014084507 0 0,014084507 0 0,014084507 0,014084507 0,014084507 0,014084507 0,014084507 0,014084507 0 0 0 0,014084507 0,014084507 0,014084507 0 0,014084507 0 0 0,154929577 0,014084507 0 0 0,014084507 0 0,014084507 0,014084507 0,014084507 0 0,014084507 0 0,014084507 0 0,014084507 0 0,014084507 0 0,014084507 0,014084507 0,014084507
#0 0,014084507 0,014084507 0,014084507 0,014084507 0,014084507 0 0,014084507 0,014084507 0 0 0 0 0,014084507 0 0 0,014084507 0,014084507 0 0 0,014084507 0 0 0,014084507 0 0 0 0 0,014084507 0 0,014084507 0,014084507 0,014084507 0 0,014084507 0 0,014084507 0 0,014084507 0 0,014084507 0 0 0 0 0 0,014084507 0,014084507 0 0 0 0 0,014084507 0 0 0,014084507 0,014084507 0 0 0,014084507 0 0 0,014084507 0,014084507 0,014084507 0,014084507 0 0,014084507 0,014084507 0 0 0 0 0,014084507 0 0,014084507 0 0 0 0 0,436619718 0 0 0 0 0 0,014084507 0 0 0,014084507 0,014084507 0 0 0,014084507 0 0 0,014084507 0 0 0
#0 0,014084507 0 0 0,014084507 0 0,014084507 0,014084507 0 0 0,014084507 0 0 0,014084507 0,014084507 0 0,014084507 0 0,014084507 0,014084507 0,014084507 0,014084507 0,014084507 0 0 0,014084507 0 0 0,014084507 0 0 0,014084507 0,014084507 0,014084507 0,014084507 0 0,014084507 0,014084507 0,014084507 0,014084507 0,014084507 0 0,014084507 0 0 0,014084507 0,014084507 0,014084507 0,014084507 0,014084507 0 0 0,014084507 0,014084507 0 0,014084507 0 0,014084507 0,014084507 0,014084507 0,014084507 0,014084507 0 0 0,014084507 0 0,014084507 0,014084507 0 0 0,014084507 0 0 0,014084507 0,014084507 0,014084507 0,014084507 0,014084507 0 0 0,014084507 0,169014085 0 0 0 0 0,014084507 0,014084507 0 0,014084507 0 0,014084507 0,014084507 0,014084507 0,014084507 0,014084507 0,014084507 0 0,014084507 0
#0,014084507 0 0,014084507 0 0 0,014084507 0,014084507 0 0,014084507 0 0,014084507 0 0,014084507 0,014084507 0,014084507 0 0,014084507 0 0 0 0,014084507 0,014084507 0 0 0 0 0,014084507 0 0,014084507 0 0 0 0,014084507 0,014084507 0 0 0,014084507 0 0,014084507 0 0 0 0,014084507 0,014084507 0,014084507 0 0 0 0,014084507 0 0 0,014084507 0,014084507 0,014084507 0 0,014084507 0 0 0 0,014084507 0,014084507 0 0,014084507 0 0 0,014084507 0,014084507 0 0,014084507 0 0,014084507 0 0,014084507 0,014084507 0,014084507 0 0,014084507 0 0 0,014084507 0,014084507 0,014084507 0,309859155 0,014084507 0 0,014084507 0,014084507 0,014084507 0 0,014084507 0 0 0 0,014084507 0,014084507 0 0 0 0,014084507 0,014084507
#0 0,014084507 0,014084507 0 0 0,014084507 0 0,014084507 0 0,014084507 0 0 0 0,014084507 0 0 0 0 0,014084507 0 0,014084507 0,014084507 0 0 0,014084507 0 0,014084507 0,014084507 0 0 0 0,014084507 0,014084507 0 0,014084507 0 0,014084507 0,014084507 0,014084507 0,014084507 0 0,014084507 0,014084507 0,014084507 0 0 0 0,014084507 0,014084507 0 0 0 0,014084507 0 0 0 0 0,014084507 0 0,014084507 0,014084507 0 0,014084507 0 0 0,014084507 0 0,014084507 0 0,014084507 0 0 0 0,014084507 0 0,014084507 0,014084507 0 0 0 0,014084507 0 0 0,394366197 0 0 0,014084507 0 0 0 0 0,014084507 0 0,014084507 0,014084507 0 0 0,014084507 0,014084507 0,014084507
#0,014084507 0 0,014084507 0 0,014084507 0 0 0,014084507 0 0 0 0,014084507 0 0 0,014084507 0 0,014084507 0 0 0 0 0,014084507 0 0 0,014084507 0,014084507 0 0 0,014084507 0,014084507 0 0,014084507 0 0 0,014084507 0,014084507 0 0 0 0,014084507 0 0,014084507 0 0,014084507 0 0 0,014084507 0,014084507 0 0,014084507 0,014084507 0 0 0,014084507 0 0,014084507 0 0 0 0 0,014084507 0 0,014084507 0 0,014084507 0 0 0,014084507 0 0 0 0,014084507 0 0 0,014084507 0,014084507 0 0,014084507 0,014084507 0 0 0 0,014084507 0 0,436619718 0 0 0,014084507 0 0,014084507 0 0 0 0 0,014084507 0 0 0,014084507 0 0,014084507
#0 0 0,014084507 0 0,014084507 0 0,014084507 0 0,014084507 0 0,014084507 0,014084507 0,014084507 0,014084507 0,014084507 0 0,014084507 0,014084507 0,014084507 0,014084507 0,014084507 0,014084507 0,014084507 0 0,014084507 0,014084507 0 0 0,014084507 0,014084507 0 0,014084507 0 0 0 0,014084507 0 0 0,014084507 0 0,014084507 0,014084507 0,014084507 0 0,014084507 0 0 0,014084507 0,014084507 0 0,014084507 0,014084507 0,014084507 0,014084507 0 0,014084507 0,014084507 0,014084507 0,014084507 0,014084507 0,014084507 0,014084507 0,014084507 0 0,014084507 0 0,014084507 0 0,014084507 0 0,014084507 0,014084507 0,014084507 0,014084507 0,014084507 0,014084507 0,014084507 0 0,014084507 0,014084507 0,014084507 0,014084507 0,014084507 0,014084507 0,014084507 0 0,014084507 0,014084507 0 0,014084507 0,014084507 0,014084507 0,014084507 0,014084507 0,014084507 0,014084507 0,014084507 0,014084507 0,014084507 0
#0,014084507 0,014084507 0,014084507 0 0,014084507 0 0,014084507 0,014084507 0 0 0 0 0 0 0 0 0 0 0 0,014084507 0,014084507 0,014084507 0 0 0 0,014084507 0,014084507 0 0 0,014084507 0 0 0,014084507 0,014084507 0 0,014084507 0,014084507 0,014084507 0 0,014084507 0,014084507 0 0,014084507 0 0 0 0 0 0,014084507 0 0 0 0 0 0 0 0 0 0,014084507 0,014084507 0,014084507 0 0,014084507 0 0,014084507 0 0,014084507 0,014084507 0 0 0 0 0 0 0 0 0,014084507 0 0 0 0 0 0 0 0 0 0,521126761 0 0 0 0 0 0,014084507 0,014084507 0,014084507 0 0,014084507 0 0,014084507 0
#0 0 0 0 0,014084507 0,014084507 0,014084507 0 0,014084507 0 0,014084507 0 0 0,014084507 0 0,014084507 0 0,014084507 0 0 0 0,014084507 0,014084507 0 0,014084507 0,014084507 0,014084507 0 0 0 0 0,014084507 0 0 0,014084507 0,014084507 0,014084507 0,014084507 0 0 0 0,014084507 0,014084507 0 0 0,014084507 0 0 0 0 0 0 0,014084507 0 0,014084507 0 0,014084507 0 0 0 0,014084507 0,014084507 0 0 0,014084507 0,014084507 0,014084507 0 0,014084507 0 0,014084507 0 0 0,014084507 0 0 0 0 0 0 0,014084507 0,014084507 0 0 0 0 0,014084507 0,422535211 0,014084507 0 0,014084507 0 0 0 0,014084507 0,014084507 0 0,014084507 0,014084507 0
#0 0 0 0,014084507 0 0,014084507 0,014084507 0 0,014084507 0 0,014084507 0,014084507 0,014084507 0,014084507 0,014084507 0 0,014084507 0,014084507 0,014084507 0,014084507 0 0 0,014084507 0,014084507 0,014084507 0 0,014084507 0,014084507 0 0 0,014084507 0 0 0,014084507 0,014084507 0 0 0,014084507 0,014084507 0 0 0,014084507 0,014084507 0 0 0,014084507 0,014084507 0,014084507 0 0,014084507 0,014084507 0,014084507 0,014084507 0,014084507 0 0,014084507 0,014084507 0,014084507 0,014084507 0 0 0,014084507 0 0,014084507 0 0,014084507 0,014084507 0 0,014084507 0 0,014084507 0,014084507 0,014084507 0,014084507 0,014084507 0,014084507 0 0,014084507 0,014084507 0,014084507 0,014084507 0,014084507 0,014084507 0,014084507 0,014084507 0,014084507 0,014084507 0,014084507 0,070422535 0,014084507 0,014084507 0,014084507 0,014084507 0 0 0,014084507 0 0,014084507 0,014084507 0
#0,014084507 0 0,014084507 0 0 0 0 0 0,014084507 0 0,014084507 0,014084507 0,014084507 0,014084507 0,014084507 0,014084507 0 0 0 0 0 0,014084507 0,014084507 0,014084507 0,014084507 0,014084507 0,014084507 0,014084507 0,014084507 0,014084507 0 0 0 0,014084507 0,014084507 0,014084507 0 0,014084507 0,014084507 0 0 0,014084507 0 0 0,014084507 0 0 0,014084507 0 0,014084507 0,014084507 0,014084507 0,014084507 0,014084507 0,014084507 0 0 0 0 0 0,014084507 0,014084507 0,014084507 0 0 0 0 0 0,014084507 0 0,014084507 0,014084507 0,014084507 0,014084507 0,014084507 0,014084507 0 0,014084507 0,014084507 0,014084507 0,014084507 0,014084507 0,014084507 0,014084507 0,014084507 0,014084507 0,014084507 0,014084507 0,014084507 0,197183099 0 0 0 0 0,014084507 0,014084507 0 0,014084507 0 0
#0,014084507 0,014084507 0 0,014084507 0 0 0,014084507 0,014084507 0,014084507 0 0,014084507 0,014084507 0,014084507 0 0 0 0,014084507 0 0 0 0,014084507 0,014084507 0,014084507 0 0,014084507 0 0,014084507 0 0,014084507 0,014084507 0,014084507 0,014084507 0,014084507 0,014084507 0 0 0,014084507 0 0,014084507 0 0 0 0 0,014084507 0,014084507 0,014084507 0 0 0 0 0,014084507 0,014084507 0 0 0 0,014084507 0 0 0 0,014084507 0,014084507 0,014084507 0 0,014084507 0 0 0,014084507 0,014084507 0,014084507 0 0,014084507 0,014084507 0,014084507 0 0 0 0 0 0,014084507 0,014084507 0 0,014084507 0,014084507 0,014084507 0,014084507 0,014084507 0 0 0 0,014084507 0,281690141 0 0 0,014084507 0,014084507 0,014084507 0 0 0 0,014084507
#0,014084507 0,014084507 0,014084507 0,014084507 0 0,014084507 0,014084507 0 0,014084507 0,014084507 0,014084507 0 0 0 0 0,014084507 0,014084507 0,014084507 0 0 0 0,014084507 0,014084507 0 0 0,014084507 0,014084507 0 0,014084507 0,014084507 0,014084507 0,014084507 0 0 0 0 0 0,014084507 0,014084507 0,014084507 0,014084507 0 0 0 0,014084507 0 0,014084507 0 0 0,014084507 0 0 0 0 0,014084507 0,014084507 0,014084507 0 0 0 0,014084507 0,014084507 0,014084507 0,014084507 0 0,014084507 0,014084507 0 0,014084507 0,014084507 0,014084507 0 0 0 0 0 0 0,014084507 0 0 0 0,014084507 0 0 0 0 0 0 0,014084507 0,014084507 0,014084507 0,338028169 0 0 0,014084507 0,014084507 0,014084507 0 0 0
#0 0 0 0,014084507 0,014084507 0,014084507 0,014084507 0 0,014084507 0,014084507 0 0,014084507 0,014084507 0,014084507 0 0,014084507 0,014084507 0,014084507 0,014084507 0,014084507 0 0 0 0 0,014084507 0 0 0 0,014084507 0 0 0,014084507 0,014084507 0 0 0 0 0 0 0,014084507 0,014084507 0,014084507 0,014084507 0 0 0,014084507 0,014084507 0 0 0 0,014084507 0,014084507 0,014084507 0 0,014084507 0,014084507 0,014084507 0,014084507 0,014084507 0 0 0 0 0,014084507 0,014084507 0,014084507 0,014084507 0 0,014084507 0,014084507 0 0,014084507 0,014084507 0,014084507 0 0 0 0 0,014084507 0,014084507 0,014084507 0 0,014084507 0,014084507 0,014084507 0,014084507 0,014084507 0 0,014084507 0,014084507 0,014084507 0,014084507 0,197183099 0 0 0 0,014084507 0,014084507 0,014084507 0
#0,014084507 0,014084507 0,014084507 0 0,014084507 0 0,014084507 0 0 0,014084507 0 0 0 0 0 0 0 0 0 0,014084507 0 0 0,014084507 0 0 0,014084507 0,014084507 0 0,014084507 0 0 0,014084507 0 0 0 0,014084507 0,014084507 0,014084507 0 0,014084507 0 0 0 0 0 0,014084507 0,014084507 0,014084507 0 0 0 0 0 0 0 0 0 0 0,014084507 0 0 0,014084507 0,014084507 0 0,014084507 0 0,014084507 0 0 0,014084507 0 0 0 0 0 0,014084507 0 0 0 0 0 0 0 0 0 0 0 0 0 0 0 0 0,014084507 0,605633803 0 0,014084507 0 0 0 0
#0 0,014084507 0,014084507 0,014084507 0 0 0,014084507 0 0,014084507 0,014084507 0 0,014084507 0 0,014084507 0 0,014084507 0,014084507 0 0,014084507 0,014084507 0,014084507 0 0,014084507 0,014084507 0 0,014084507 0 0,014084507 0,014084507 0 0 0 0,014084507 0,014084507 0 0 0 0,014084507 0,014084507 0 0 0 0,014084507 0,014084507 0,014084507 0,014084507 0 0 0,014084507 0 0,014084507 0 0,014084507 0 0,014084507 0,014084507 0 0,014084507 0,014084507 0,014084507 0 0,014084507 0,014084507 0,014084507 0 0 0,014084507 0 0,014084507 0,014084507 0 0,014084507 0 0,014084507 0 0 0,014084507 0 0,014084507 0 0,014084507 0 0,014084507 0 0,014084507 0 0,014084507 0 0,014084507 0,014084507 0 0,014084507 0,014084507 0,014084507 0,211267606 0,014084507 0 0 0,014084507 0,014084507
#0 0,014084507 0 0,014084507 0 0 0,014084507 0,014084507 0 0 0,014084507 0,014084507 0,014084507 0,014084507 0,014084507 0 0 0 0,014084507 0 0,014084507 0,014084507 0,014084507 0,014084507 0 0,014084507 0,014084507 0,014084507 0 0,014084507 0,014084507 0 0,014084507 0,014084507 0,014084507 0 0 0,014084507 0 0,014084507 0 0,014084507 0 0,014084507 0,014084507 0,014084507 0 0,014084507 0,014084507 0,014084507 0,014084507 0,014084507 0,014084507 0,014084507 0 0 0 0,014084507 0 0,014084507 0,014084507 0,014084507 0 0,014084507 0 0 0,014084507 0,014084507 0 0 0,014084507 0,014084507 0,014084507 0,014084507 0,014084507 0,014084507 0,014084507 0,014084507 0,014084507 0,014084507 0,014084507 0,014084507 0,014084507 0,014084507 0,014084507 0,014084507 0,014084507 0,014084507 0 0 0 0,014084507 0 0,014084507 0,014084507 0,070422535 0 0,014084507 0 0,014084507
#0 0 0,014084507 0,014084507 0 0 0,014084507 0 0 0,014084507 0,014084507 0,014084507 0,014084507 0 0 0 0,014084507 0 0,014084507 0 0 0 0,014084507 0 0 0 0 0 0 0,014084507 0,014084507 0,014084507 0 0,014084507 0 0,014084507 0 0,014084507 0 0 0,014084507 0,014084507 0 0 0 0 0,014084507 0,014084507 0 0 0,014084507 0,014084507 0 0 0 0,014084507 0 0,014084507 0 0 0 0,014084507 0,014084507 0,014084507 0 0 0,014084507 0 0 0,014084507 0,014084507 0,014084507 0,014084507 0 0 0,014084507 0 0 0,014084507 0,014084507 0 0,014084507 0,014084507 0,014084507 0,014084507 0,014084507 0 0 0 0,014084507 0 0,014084507 0 0 0 0,014084507 0,366197183 0,014084507 0 0
#0,014084507 0,014084507 0,014084507 0 0,014084507 0,014084507 0,014084507 0 0,014084507 0,014084507 0 0,014084507 0 0,014084507 0,014084507 0,014084507 0 0 0,014084507 0,014084507 0 0,014084507 0 0,014084507 0 0,014084507 0,014084507 0 0,014084507 0 0,014084507 0 0,014084507 0 0,014084507 0,014084507 0 0,014084507 0 0,014084507 0,014084507 0,014084507 0 0 0,014084507 0,014084507 0 0,014084507 0,014084507 0,014084507 0,014084507 0 0,014084507 0,014084507 0,014084507 0 0 0,014084507 0,014084507 0 0,014084507 0 0,014084507 0 0,014084507 0,014084507 0,014084507 0 0,014084507 0,014084507 0 0,014084507 0 0,014084507 0,014084507 0,014084507 0,014084507 0,014084507 0,014084507 0 0,014084507 0 0,014084507 0 0,014084507 0 0,014084507 0,014084507 0,014084507 0 0 0,014084507 0,014084507 0 0,014084507 0 0,014084507 0,112676056 0 0
#0 0,014084507 0 0 0,014084507 0 0 0,014084507 0 0,014084507 0,014084507 0 0 0,014084507 0,014084507 0 0 0,014084507 0,014084507 0,014084507 0 0 0,014084507 0 0,014084507 0 0,014084507 0 0 0 0,014084507 0 0,014084507 0,014084507 0 0,014084507 0,014084507 0 0 0,014084507 0 0 0 0 0 0,014084507 0 0 0 0,014084507 0 0 0,014084507 0,014084507 0 0 0,014084507 0,014084507 0,014084507 0 0 0,014084507 0 0 0,014084507 0 0 0,014084507 0 0,014084507 0,014084507 0 0 0,014084507 0,014084507 0 0 0,014084507 0 0 0,014084507 0,014084507 0 0 0 0 0,014084507 0,014084507 0 0 0,014084507 0,014084507 0,014084507 0 0 0,014084507 0 0 0,408450704 0
#0 0 0,014084507 0 0,014084507 0 0,014084507 0 0 0,014084507 0,014084507 0,014084507 0,014084507 0 0 0,014084507 0,014084507 0 0,014084507 0 0 0 0,014084507 0 0,014084507 0 0 0 0 0,014084507 0,014084507 0,014084507 0 0 0,014084507 0,014084507 0,014084507 0,014084507 0,014084507 0 0 0,014084507 0 0 0,014084507 0 0,014084507 0 0 0,014084507 0,014084507 0,014084507 0 0 0,014084507 0,014084507 0 0,014084507 0 0 0 0,014084507 0,014084507 0 0,014084507 0 0,014084507 0 0 0,014084507 0,014084507 0,014084507 0,014084507 0 0 0 0 0,014084507 0,014084507 0,014084507 0 0,014084507 0,014084507 0,014084507 0,014084507 0,014084507 0 0 0,014084507 0,014084507 0 0,014084507 0 0 0 0,014084507 0 0,014084507 0 0,295774648

#resultados (divergncia do modelo)
#0,007327732
#0,00841062
#0,016384316
#0,007988531
#0,010864059
#0,01019299
#0,016234345
#0,008914365
#0,007435557
#0,010760957
#0,008994604
#0,008115717
#0,01141963
#0,013062693
#0,008452688
#0,010138172
#0,006201479
#0,009085349
#0,01407762
#0,00916122
#0,007918445
#0,009497916
#0,009375846
#0,008951592
#0,012987098
#0,007090873
#0,010171818
#0,006862238
#0,009840632
#0,01253943
#0,008415224
#0,011481334
#0,006739106
#0,011729606
#0,008196231
#0,011217125
#0,011168053
#0,006463012
#0,009327443
#0,006426061
#0,006799708
#0,009748588
#0,009586733
#0,010887985
#0,008958557
#0,007950674
#0,011058969
#0,00894931
#0,007899123
#0,010033339
#0,008461699
#0,013485609
#0,011949898
#0,008703596
#0,009288169
#0,01017111
#0,0087058
#0,01020448
#0,007903531
#0,006270069
#0,011151053
#0,009375846
#0,015184159
#0,007209795
#0,008446745
#0,009451992
#0,014474721
#0,009711243
#0,009110377
#0,011266945
#0,012055204
#0,014553071
#0,010224904
#0,00924319
#0,010229902
#0,010233522
#0,008268284
#0,010033339
#0,00722888
#0,00871851
#0,01091927
#0,009835752
#0,010147853
#0,012844565
#0,012408231
#0,007264061
#0,012129658
#0,010380935
#0,007522053
#0,008105131
#0,008223974
#0,010949531
#0,008138068
#0,009712895
#0,009361325
#0,007384793
#0,008911925
#0,007691581
#0,009889035
#0,016464594
